58272 1476 0.917608
58273 1476 0.0153127
58274 1476 0.000908441
58281 1476 0.0923635
58282 1476 0.0726209
58283 1476 0.00362363
58296 1476 -0.0619457
58297 1476 -0.103609
58298 1476 -0.126561
58302 1476 -0.0185773
58303 1476 -0.10241
58304 1476 0.0901997
58314 1477 0.0153127
58315 1477 0.848051
58316 1477 0.0164025
58323 1477 0.054356
58324 1477 -0.145309
58325 1477 -0.0634013
58338 1477 -0.0813649
58339 1477 -0.102736
58340 1477 -0.122626
58344 1477 -0.103886
58345 1477 -0.236149
58346 1477 0.224432
58356 1478 0.000908441
58357 1478 0.0164025
58358 1478 0.672272
58365 1478 -0.0159341
58366 1478 0.0194203
58367 1478 0.0554495
58380 1478 -0.0075305
58381 1478 -0.040691
58382 1478 -0.0483062
58386 1478 0.0881537
58387 1478 0.222279
58388 1478 -0.173858
72315 1821 0.0923635
72316 1821 0.054356
72317 1821 -0.0159341
72321 1821 0.828018
72322 1821 0.00249005
72323 1821 -0.0519242
72333 1821 -0.116569
72334 1821 0.0523048
72335 1821 -0.0945551
72339 1821 -0.129334
72340 1821 0.10579
72341 1821 0.197528
72357 1822 0.0726209
72358 1822 -0.145309
72359 1822 0.0194203
72363 1822 0.00249005
72364 1822 0.837674
72365 1822 0.00891624
72375 1822 0.061867
72376 1822 -0.0411287
72377 1822 0.0567769
72381 1822 0.107743
72382 1822 -0.0543118
72383 1822 -0.141893
72399 1823 0.00362363
72400 1823 -0.0634013
72401 1823 0.0554495
72405 1823 -0.0519242
72406 1823 0.00891624
72407 1823 0.629865
72417 1823 0.0133019
72418 1823 -0.00551547
72419 1823 0.0164595
72423 1823 0.202965
72424 1823 -0.143407
72425 1823 -0.244241
83844 2109 0.534969
83845 2109 -0.0199644
83846 2109 0.0457256
83847 2109 0.0326165
83848 2109 0.00254565
83849 2109 -0.00933496
83859 2109 -0.0860143
83860 2109 -0.170389
83861 2109 -0.111549
83865 2109 -0.00938333
83866 2109 -0.0378752
83867 2109 0.0531194
83877 2110 -0.0199644
83878 2110 0.559632
83879 2110 0.0265535
83880 2110 0.10874
83881 2110 -0.0818366
83882 2110 0.0044139
83892 2110 -0.168869
83893 2110 -0.240591
83894 2110 -0.17368
83898 2110 -0.00467214
83899 2110 -0.111362
83900 2110 0.131794
83910 2111 0.0457256
83911 2111 0.0265535
83912 2111 0.489082
83913 2111 0.0295009
83914 2111 -0.0486317
83915 2111 0.0520307
83925 2111 -0.120224
83926 2111 -0.183332
83927 2111 -0.100431
83931 2111 0.00581164
83932 2111 0.0206208
83933 2111 -0.0207447
87831 2208 1.14443
87832 2208 -0.00230577
87833 2208 -0.00180269
87837 2208 0.0854877
87838 2208 0.00464447
87839 2208 -0.0837941
87849 2208 -0.11924
87850 2208 0.0975567
87851 2208 0.195938
87861 2208 -0.00428244
87862 2208 -0.0867137
87863 2208 0.0778655
87876 2209 -0.00230577
87877 2209 1.14419
87878 2209 -0.00162339
87882 2209 0.00194917
87883 2209 0.109705
87884 2209 0.00992606
87894 2209 0.103672
87895 2209 -0.0525514
87896 2209 -0.147398
87906 2209 -0.0848844
87907 2209 -0.234261
87908 2209 0.232115
87921 2210 -0.00180269
87922 2210 -0.00162339
87923 2210 1.14593
87927 2210 -0.0855193
87928 2210 0.00781387
87929 2210 -0.195172
87939 2210 0.201479
87940 2210 -0.141712
87941 2210 -0.257253
87951 2210 0.072591
87952 2210 0.227879
87953 2210 -0.186625
87966 2211 1.14592
87967 2211 -0.00258878
87968 2211 -0.00186955
87975 2211 0.0891847
87976 2211 0.0785922
87977 2211 0.00493361
87996 2211 -0.00447988
87997 2211 -0.0853636
87998 2211 0.0756138
87999 2211 -0.326961
88000 2211 0.169225
88001 2211 -0.139505
88011 2212 -0.00258878
88012 2212 1.14427
88013 2212 -0.00247792
88020 2212 0.077592
88021 2212 -0.195023
88022 2212 -0.03015
88041 2212 -0.0830835
88042 2212 -0.238451
88043 2212 0.233109
88044 2212 0.175189
88045 2212 -0.0663172
88046 2212 0.0691221
88056 2213 -0.00186955
88057 2213 -0.00247792
88058 2213 1.14437
88065 2213 0.0117193
88066 2213 -0.0317822
88067 2213 0.107321
88086 2213 0.0711169
88087 2213 0.2273
88088 2213 -0.183793
88089 2213 -0.144503
88090 2213 0.0707608
88091 2213 -0.0365048
89868 2256 0.0854877
89869 2256 0.00194917
89870 2256 -0.0855193
89874 2256 1.1453
89875 2256 -0.000795181
89876 2256 0.000513743
89886 2256 -0.321688
89887 2256 0.172482
89888 2256 -0.151331
89898 2256 -0.124091
89899 2256 -0.191167
89900 2256 -0.123433
89913 2257 0.00464447
89914 2257 0.109705
89915 2257 0.00781387
89919 2257 -0.000795181
89920 2257 1.14448
89921 2257 -0.00253197
89931 2257 0.167292
89932 2257 -0.0623226
89933 2257 0.0759233
89943 2257 -0.189582
89944 2257 -0.221029
89945 2257 -0.15532
89958 2258 -0.0837941
89959 2258 0.00992606
89960 2258 -0.195172
89964 2258 0.000513743
89965 2258 -0.00253197
89966 2258 1.14478
89976 2258 -0.146461
89977 2258 0.0724933
89978 2258 -0.0411207
89988 2258 -0.127227
89989 2258 -0.162326
89990 2258 -0.082717
91881 2304 1.14546
91882 2304 -0.0024585
91883 2304 0.000823224
91884 2304 -0.167829
91885 2304 -0.0883931
91886 2304 0.0771608
91896 2304 0.000668108
91897 2304 -0.0766262
91898 2304 0.0631005
91908 2304 -0.116865
91909 2304 0.0935306
91910 2304 0.202899
91926 2305 -0.0024585
91927 2305 1.14259
91928 2305 -0.00240762
91929 2305 -0.0891123
91930 2305 0.0814987
91931 2305 0.0261842
91941 2305 -0.0816904
91942 2305 -0.248432
91943 2305 0.231505
91953 2305 0.0889347
91954 2305 -0.0437834
91955 2305 -0.131922
91971 2306 0.000823224
91972 2306 -0.00240762
91973 2306 1.1465
91974 2306 0.0774889
91975 2306 0.0239139
91976 2306 0.0888594
91986 2306 0.0690854
91987 2306 0.2343
91988 2306 -0.179588
91998 2306 0.197685
91999 2306 -0.134589
92000 2306 -0.268006
92013 2307 -0.167829
92014 2307 -0.0891123
92015 2307 0.0774889
92016 2307 1.14808
92017 2307 -0.000574477
92018 2307 0.00075764
92028 2307 -0.332253
92029 2307 0.167158
92030 2307 -0.148953
92040 2307 -0.119349
92041 2307 -0.185068
92042 2307 -0.120758
92058 2308 -0.0883931
92059 2308 0.0814987
92060 2308 0.0239139
92061 2308 -0.000574477
92062 2308 1.14094
92063 2308 -0.0026925
92073 2308 0.165575
92074 2308 -0.0589441
92075 2308 0.0696293
92085 2308 -0.185073
92086 2308 -0.224445
92087 2308 -0.157043
92103 2309 0.0771608
92104 2309 0.0261842
92105 2309 0.0888594
92106 2309 0.00075764
92107 2309 -0.0026925
92108 2309 1.14553
92118 2309 -0.142035
92119 2309 0.0660839
92120 2309 -0.0378178
92130 2309 -0.124587
92131 2309 -0.163263
92132 2309 -0.0843304
92151 2310 1.14931
92152 2310 -0.00203921
92153 2310 0.000790204
92154 2310 -0.167147
92155 2310 -0.089734
92156 2310 0.0794027
92157 2310 0.0810376
92158 2310 0.00322412
92159 2310 -0.0928092
92172 2310 -0.115762
92173 2310 -0.184897
92174 2310 -0.124819
92181 2310 0.0044059
92182 2310 -0.070211
92183 2310 0.0623461
92184 2310 -0.346071
92185 2310 0.164595
92186 2310 -0.135054
92196 2311 -0.00203921
92197 2311 1.13592
92198 2311 0.00229925
92199 2311 -0.0894936
92200 2311 0.0800607
92201 2311 0.0262549
92202 2311 0.00148751
92203 2311 0.1087
92204 2311 0.00919542
92217 2311 -0.183397
92218 2311 -0.220809
92219 2311 -0.165495
92226 2311 -0.0646952
92227 2311 -0.248001
92228 2311 0.237001
92229 2311 0.16533
92230 2311 -0.0517939
92231 2311 0.062283
92241 2312 0.000790204
92242 2312 0.00229925
92243 2312 1.14933
92244 2312 0.0802768
92245 2312 0.0263032
92246 2312 0.0864221
92247 2312 -0.0948211
92248 2312 0.00729576
92249 2312 -0.188977
92262 2312 -0.125225
92263 2312 -0.163906
92264 2312 -0.0919634
92271 2312 0.0576759
92272 2312 0.232854
92273 2312 -0.182613
92274 2312 -0.138562
92275 2312 0.0619912
92276 2312 -0.0297611
92283 2313 -0.167147
92284 2313 -0.0894936
92285 2313 0.0802768
92286 2313 0.541585
92287 2313 -0.0110409
92288 2313 0.0435253
92298 2313 -0.0556992
92299 2313 0.0628872
92300 2313 0.167919
92307 2313 0.00131867
92308 2313 -0.0714764
92309 2313 0.0883689
92316 2314 -0.089734
92317 2314 0.0800607
92318 2314 0.0263032
92319 2314 -0.0110409
92320 2314 0.557427
92321 2314 0.0241532
92331 2314 0.027649
92332 2314 -0.0202926
92333 2314 -0.0647028
92340 2314 0.00115385
92341 2314 -0.125317
92342 2314 0.149202
92349 2315 0.0794027
92350 2315 0.0262549
92351 2315 0.0864221
92352 2315 0.0435253
92353 2315 0.0241532
92354 2315 0.484672
92364 2315 0.0294796
92365 2315 -0.0714593
92366 2315 -0.137535
92373 2315 -0.0233291
92374 2315 0.0834458
92375 2315 -0.0867184
93783 2349 0.0810376
93784 2349 0.00148751
93785 2349 -0.0948211
93789 2349 0.698043
93790 2349 -0.073853
93791 2349 0.0021985
93804 2349 -0.117107
93805 2349 -0.186236
93806 2349 -0.116605
93807 2349 -0.0975991
93808 2349 0.00670214
93809 2349 0.103479
93819 2350 0.00322412
93820 2350 0.1087
93821 2350 0.00729576
93825 2350 -0.073853
93826 2350 0.670863
93827 2350 -0.028799
93840 2350 -0.185979
93841 2350 -0.231776
93842 2350 -0.156785
93843 2350 0.0767345
93844 2350 -0.0128787
93845 2350 -0.107017
93855 2351 -0.0928092
93856 2351 0.00919542
93857 2351 -0.188977
93861 2351 0.0021985
93862 2351 -0.028799
93863 2351 0.641901
93876 2351 -0.120761
93877 2351 -0.16103
93878 2351 -0.0799347
93879 2351 0.188119
93880 2351 -0.0551152
93881 2351 -0.17542
93996 2355 0.832038
93997 2355 -0.109946
93998 2355 -0.07546
94002 2355 0
94003 2355 0
94004 2355 0
94017 2355 -0.184934
94018 2355 -0.130439
94019 2355 -0.134596
94020 2355 -0.0996616
94021 2355 0.0538167
94022 2355 0.150136
94023 2355 -0.0695968
94024 2355 -0.00509867
94025 2355 -0.0211089
94026 2355 -0.0180755
94027 2355 0.156221
94028 2355 -0.0341546
94038 2356 -0.109946
94039 2356 0.780671
94040 2356 0.0759612
94044 2356 0
94045 2356 0
94046 2356 0
94059 2356 -0.0258552
94060 2356 -0.0762516
94061 2356 0.0302612
94062 2356 0.143973
94063 2356 -0.136126
94064 2356 -0.0517687
94065 2356 -0.00955378
94066 2356 -0.0799039
94067 2356 0.0456189
94068 2356 -0.0106069
94069 2356 -0.198468
94070 2356 0.00627106
94080 2357 -0.07546
94081 2357 0.0759612
94082 2357 0.825223
94086 2357 0
94087 2357 0
94088 2357 0
94101 2357 -0.261006
94102 2357 -0.166396
94103 2357 -0.148305
94104 2357 0.192335
94105 2357 -0.185184
94106 2357 -0.19231
94107 2357 0.102175
94108 2357 0.119097
94109 2357 -0.070004
94110 2357 -0.0192763
94111 2357 -0.116037
94112 2357 0.000145166
94122 2358 0.791915
94123 2358 -0.0819938
94124 2358 0.0463825
94128 2358 0.084586
94129 2358 -0.0245608
94130 2358 0.0277969
94143 2358 -0.110243
94144 2358 -0.0260282
94145 2358 -0.227648
94146 2358 -0.125621
94147 2358 0.10701
94148 2358 0.17105
94164 2359 -0.0819938
94165 2359 0.765864
94166 2359 0.0645893
94170 2359 -0.0451587
94171 2359 -0.107009
94172 2359 -0.0450207
94185 2359 -0.0306358
94186 2359 0.0111462
94187 2359 -0.028078
94188 2359 0.122325
94189 2359 -0.0985181
94190 2359 -0.147552
94206 2360 0.0463825
94207 2360 0.0645893
94208 2360 0.737778
94212 2360 0.00226046
94213 2360 -0.157203
94214 2360 0.0201133
94227 2360 -0.203042
94228 2360 -0.0106255
94229 2360 -0.330831
94230 2360 0.197695
94231 2360 -0.163359
94232 2360 -0.204281
94689 2373 0.0326165
94690 2373 0.10874
94691 2373 0.0295009
94698 2373 0.548668
94699 2373 -0.0129396
94700 2373 0.0393274
94704 2373 -0.358633
94705 2373 0.14764
94706 2373 -0.15142
94710 2373 -0.0570807
94711 2373 0.0298249
94712 2373 0.141529
94722 2374 0.00254565
94723 2374 -0.0818366
94724 2374 -0.0486317
94731 2374 -0.0129396
94732 2374 0.555204
94733 2374 0.0267822
94737 2374 0.139541
94738 2374 -0.0351974
94739 2374 0.0540045
94743 2374 0.0202385
94744 2374 -0.0273028
94745 2374 -0.0619887
94755 2375 -0.00933496
94756 2375 0.0044139
94757 2375 0.0520307
94764 2375 0.0393274
94765 2375 0.0267822
94766 2375 0.479811
94770 2375 -0.142278
94771 2375 0.057546
94772 2375 -0.0337941
94776 2375 0.0281955
94777 2375 -0.0150333
94778 2375 -0.0580037
98874 2487 1.14978
98875 2487 -0.000548035
98876 2487 -0.00468389
98883 2487 0.0921085
98884 2487 0.0707815
98885 2487 0.00216797
98904 2487 -0.00259455
98905 2487 -0.0832486
98906 2487 0.0815562
98907 2487 -0.326302
98908 2487 0.168153
98909 2487 -0.137252
98919 2488 -0.000548035
98920 2488 1.13955
98921 2488 -0.00333143
98928 2488 0.070588
98929 2488 -0.200918
98930 2488 -0.0196111
98949 2488 -0.0813635
98950 2488 -0.218435
98951 2488 0.235775
98952 2488 0.177758
98953 2488 -0.0690627
98954 2488 0.0689623
98964 2489 -0.00468389
98965 2489 -0.00333143
98966 2489 1.14522
98973 2489 0.00961443
98974 2489 -0.0222578
98975 2489 0.109681
98994 2489 0.0739737
98995 2489 0.22766
98996 2489 -0.204295
98997 2489 -0.14137
98998 2489 0.0690154
98999 2489 -0.0344034
99135 2493 0.0891847
99136 2493 0.077592
99137 2493 0.0117193
99144 2493 1.14582
99145 2493 -0.00336447
99146 2493 0.000303126
99162 2493 -0.100114
99163 2493 0.0923424
99164 2493 0.187581
99165 2493 -0.136634
99166 2493 -0.194813
99167 2493 -0.127438
99180 2494 0.0785922
99181 2494 -0.195023
99182 2494 -0.0317822
99189 2494 -0.00336447
99190 2494 1.13759
99191 2494 -0.00393192
99207 2494 0.0976512
99208 2494 -0.054759
99209 2494 -0.153359
99210 2494 -0.192042
99211 2494 -0.212075
99212 2494 -0.154815
99225 2495 0.00493361
99226 2495 -0.03015
99227 2495 0.107321
99234 2495 0.000303126
99235 2495 -0.00393192
99236 2495 1.15114
99252 2495 0.19182
99253 2495 -0.149192
99254 2495 -0.274292
99255 2495 -0.122221
99256 2495 -0.14893
99257 2495 -0.0772607
99279 2496 1.14219
99280 2496 -0.00355699
99281 2496 0.0013232
99285 2496 0.0773491
99286 2496 0.00545699
99287 2496 -0.0953885
99297 2496 -0.100118
99298 2496 0.0905602
99299 2496 0.189318
99309 2496 -0.00145115
99310 2496 -0.0791347
99311 2496 0.0721521
99324 2497 -0.00355699
99325 2497 1.14326
99326 2497 0.000209791
99330 2497 0.00309877
99331 2497 0.109308
99332 2497 0.0124225
99342 2497 0.0946455
99343 2497 -0.0515773
99344 2497 -0.14924
99354 2497 -0.0768496
99355 2497 -0.234392
99356 2497 0.236016
99369 2498 0.0013232
99370 2498 0.000209791
99371 2498 1.14911
99375 2498 -0.0976949
99376 2498 0.0107877
99377 2498 -0.187514
99387 2498 0.192636
99388 2498 -0.146445
99389 2498 -0.277902
99399 2498 0.0681195
99400 2498 0.23009
99401 2498 -0.189068
100314 2520 1.13834
100315 2520 -0.00878654
100316 2520 0.00699849
100317 2520 -0.178251
100318 2520 -0.0675549
100319 2520 0.0868087
100329 2520 -0.0276004
100330 2520 -0.081872
100331 2520 0.104721
100341 2520 -0.0979149
100342 2520 0.136795
100343 2520 0.163781
100359 2521 -0.00878654
100360 2521 1.16142
100361 2521 -0.0033847
100362 2521 -0.057247
100363 2521 0.0961509
100364 2521 0.013897
100374 2521 -0.0598469
100375 2521 -0.148755
100376 2521 0.200538
100386 2521 0.119173
100387 2521 -0.118096
100388 2521 -0.188577
100404 2522 0.00699849
100405 2522 -0.0033847
100406 2522 1.1348
100407 2522 0.0878623
100408 2522 0.0131918
100409 2522 0.0835168
100419 2522 0.093588
100420 2522 0.225117
100421 2522 -0.25288
100431 2522 0.156026
100432 2522 -0.178418
100433 2522 -0.203008
100440 2523 -0.178251
100441 2523 -0.057247
100442 2523 0.0878623
100443 2523 0.265578
100444 2523 0.0275557
100445 2523 -0.0335246
100446 2523 -0.0812449
100447 2523 0.104464
100448 2523 -0.114945
100452 2523 -0.0190652
100453 2523 -0.108281
100454 2523 -0.0864897
100458 2524 -0.0675549
100459 2524 0.0961509
100460 2524 0.0131918
100461 2524 0.0275557
100462 2524 0.155829
100463 2524 -0.0117596
100464 2524 0.0260946
100465 2524 -0.0321381
100466 2524 0.0185433
100470 2524 -0.017599
100471 2524 -0.0976128
100472 2524 -0.0641736
100476 2525 0.0868087
100477 2525 0.013897
100478 2525 0.0835168
100479 2525 -0.0335246
100480 2525 -0.0117596
100481 2525 0.165653
100482 2525 -0.0212355
100483 2525 0.0181753
100484 2525 -0.0342828
100488 2525 -0.0105393
100489 2525 -0.0244634
100490 2525 -0.0265896
101226 2544 0.0773491
101227 2544 0.00309877
101228 2544 -0.0976949
101232 2544 1.15016
101233 2544 -0.000305872
101234 2544 -0.00137547
101241 2544 0.0918851
101242 2544 0.0763651
101243 2544 0.00522834
101244 2544 -0.331958
101245 2544 0.178615
101246 2544 -0.134219
101256 2544 -0.142823
101257 2544 -0.195392
101258 2544 -0.12384
101259 2544 -0.0923184
101260 2544 0.0935778
101261 2544 0.189797
101271 2545 0.00545699
101272 2545 0.109308
101273 2545 0.0107877
101277 2545 -0.000305872
101278 2545 1.13854
101279 2545 -0.00339591
101286 2545 0.0729955
101287 2545 -0.196585
101288 2545 -0.0354402
101289 2545 0.174222
101290 2545 -0.0672976
101291 2545 0.0671826
101301 2545 -0.194985
101302 2545 -0.211126
101303 2545 -0.145159
101304 2545 0.0889938
101305 2545 -0.0499873
101306 2545 -0.144698
101316 2546 -0.0953885
101317 2546 0.0124225
101318 2546 -0.187514
101322 2546 -0.00137547
101323 2546 -0.00339591
101324 2546 1.14585
101331 2546 0.0097124
101332 2546 -0.0354998
101333 2546 0.104807
101334 2546 -0.130169
101335 2546 0.0649642
101336 2546 -0.0275469
101346 2546 -0.124859
101347 2546 -0.149366
101348 2546 -0.0728968
101349 2546 0.184269
101350 2546 -0.149076
101351 2546 -0.282383
105219 2646 0
105220 2646 0
105221 2646 0
105228 2646 1
105229 2646 0
105230 2646 0
105231 2646 0
105232 2646 0
105233 2646 0
105240 2646 0
105241 2646 0
105242 2646 0
105243 2646 0
105244 2646 0
105245 2646 0
105246 2646 0
105247 2646 0
105248 2646 0
105249 2646 0
105250 2646 0
105251 2646 0
105264 2647 0
105265 2647 0
105266 2647 0
105273 2647 0
105274 2647 1
105275 2647 0
105276 2647 0
105277 2647 0
105278 2647 0
105285 2647 0
105286 2647 0
105287 2647 0
105288 2647 0
105289 2647 0
105290 2647 0
105291 2647 0
105292 2647 0
105293 2647 0
105294 2647 0
105295 2647 0
105296 2647 0
105309 2648 0
105310 2648 0
105311 2648 0
105318 2648 0
105319 2648 0
105320 2648 1
105321 2648 0
105322 2648 0
105323 2648 0
105330 2648 0
105331 2648 0
105332 2648 0
105333 2648 0
105334 2648 0
105335 2648 0
105336 2648 0
105337 2648 0
105338 2648 0
105339 2648 0
105340 2648 0
105341 2648 0
105354 2649 0.084586
105355 2649 -0.0451587
105356 2649 0.00226046
105360 2649 0
105361 2649 0
105362 2649 0
105363 2649 0.75975
105364 2649 -0.0912716
105365 2649 -0.0333864
105372 2649 -0.0806656
105373 2649 0.100876
105374 2649 0.0116546
105375 2649 -0.213548
105376 2649 -0.237184
105377 2649 0.112672
105378 2649 -0.121161
105379 2649 0.0380469
105380 2649 0.0508661
105396 2650 -0.0245608
105397 2650 -0.107009
105398 2650 -0.157203
105402 2650 0
105403 2650 0
105404 2650 0
105405 2650 -0.0912716
105406 2650 1.02914
105407 2650 -0.0912184
105414 2650 0.138891
105415 2650 -0.349276
105416 2650 0.0691529
105417 2650 -0.235575
105418 2650 -0.222862
105419 2650 0.103436
105420 2650 0.211838
105421 2650 -0.067436
105422 2650 -0.136107
105438 2651 0.0277969
105439 2651 -0.0450207
105440 2651 0.0201133
105444 2651 0
105445 2651 0
105446 2651 0
105447 2651 -0.0333864
105448 2651 -0.0912184
105449 2651 0.649042
105456 2651 -0.118045
105457 2651 0.121881
105458 2651 0.00013886
105459 2651 0.0528877
105460 2651 0.0383197
105461 2651 0.00747817
105462 2651 0.0165379
105463 2651 -0.0209853
105464 2651 -0.0297925
106755 2691 0.828126
106756 2691 0.00412143
106757 2691 -0.0626552
106758 2691 -0.138856
106759 2691 -0.0524593
106760 2691 0.0979228
106770 2691 -0.019199
106771 2691 -0.0471695
106772 2691 0.0785936
106776 2691 -0.152634
106777 2691 -0.198891
106778 2691 -0.12832
106797 2692 0.00412143
106798 2692 0.833557
106799 2692 -0.00326479
106800 2692 -0.0461941
106801 2692 0.0994965
106802 2692 0.0225888
106812 2692 -0.0177149
106813 2692 -0.0892554
106814 2692 0.12368
106818 2692 -0.199266
106819 2692 -0.203343
106820 2692 -0.146171
106839 2693 -0.0626552
106840 2693 -0.00326479
106841 2693 0.633873
106842 2693 0.0111352
106843 2693 0.00686801
106844 2693 0.0393911
106854 2693 0.0124659
106855 2693 0.0259463
106856 2693 -0.0360429
106860 2693 -0.123939
106861 2693 -0.142389
106862 2693 -0.0724195
106878 2694 -0.138856
106879 2694 -0.0461941
106880 2694 0.0111352
106881 2694 0.84154
106882 2694 -0.0244318
106883 2694 -0.0390837
106893 2694 -0.151786
106894 2694 0.0540088
106895 2694 -0.108538
106899 2694 -0.0944839
106900 2694 0.10471
106901 2694 0.181396
106920 2695 -0.0524593
106921 2695 0.0994965
106922 2695 0.00686801
106923 2695 -0.0244318
106924 2695 0.903645
106925 2695 -0.0460619
106935 2695 0.126647
106936 2695 -0.0406601
106937 2695 0.0926876
106941 2695 0.107348
106942 2695 -0.0729944
106943 2695 -0.165183
106962 2696 0.0979228
106963 2696 0.0225888
106964 2696 0.0393911
106965 2696 -0.0390837
106966 2696 -0.0460619
106967 2696 0.692746
106977 2696 -0.0368498
106978 2696 -0.0123502
106979 2696 -0.0215852
106983 2696 0.181598
106984 2696 -0.162475
106985 2696 -0.257471
109953 2769 0.0921085
109954 2769 0.070588
109955 2769 0.00961443
109962 2769 1.14702
109963 2769 -0.00713221
109964 2769 0.00284915
109980 2769 -0.0832613
109981 2769 0.0998871
109982 2769 0.17559
109983 2769 -0.153339
109984 2769 -0.207513
109985 2769 -0.124112
109998 2770 0.0707815
109999 2770 -0.200918
110000 2770 -0.0222578
110007 2770 -0.00713221
110008 2770 1.13788
110009 2770 -0.000383321
110025 2770 0.103167
110026 2770 -0.0763707
110027 2770 -0.171438
110028 2770 -0.203073
110029 2770 -0.211737
110030 2770 -0.13982
110043 2771 0.00216797
110044 2771 -0.0196111
110045 2771 0.109681
110052 2771 0.00284915
110053 2771 -0.000383321
110054 2771 1.14966
110070 2771 0.175356
110071 2771 -0.166414
110072 2771 -0.267207
110073 2771 -0.117356
110074 2771 -0.134955
110075 2771 -0.0603759
110232 2775 1.14438
110233 2775 0.000366451
110234 2775 -0.00199459
110241 2775 0.098193
110242 2775 0.0610196
110243 2775 0.00452106
110256 2775 -0.161982
110257 2775 -0.200897
110258 2775 -0.122858
110262 2775 -0.00302649
110263 2775 -0.0756676
110264 2775 0.076613
110277 2776 0.000366451
110278 2776 1.13691
110279 2776 -0.00595243
110286 2776 0.0579541
110287 2776 -0.204125
110288 2776 -0.026013
110301 2776 -0.201826
110302 2776 -0.200528
110303 2776 -0.135093
110307 2776 -0.0740598
110308 2776 -0.215902
110309 2776 0.236566
110322 2777 -0.00199459
110323 2777 -0.00595243
110324 2777 1.15326
110331 2777 0.00617249
110332 2777 -0.0257381
110333 2777 0.108792
110346 2777 -0.124922
110347 2777 -0.140135
110348 2777 -0.0621323
110352 2777 0.0719313
110353 2777 0.231196
110354 2777 -0.211548
112401 2826 0.0918851
112402 2826 0.0729955
112403 2826 0.0097124
112410 2826 1.14488
112411 2826 0.000543021
112412 2826 -0.00143836
112422 2826 -0.331387
112423 2826 0.182701
112424 2826 -0.125817
112425 2826 0.00151281
112426 2826 -0.073799
112427 2826 0.066188
112446 2827 0.0763651
112447 2827 -0.196585
112448 2827 -0.0354998
112455 2827 0.000543021
112456 2827 1.1467
112457 2827 -0.00247372
112467 2827 0.182838
112468 2827 -0.0732601
112469 2827 0.065974
112470 2827 -0.0774591
112471 2827 -0.238327
112472 2827 0.231652
112491 2828 0.00522834
112492 2828 -0.0354402
112493 2828 0.104807
112500 2828 -0.00143836
112501 2828 -0.00247372
112502 2828 1.14297
112512 2828 -0.121255
112513 2828 0.0637157
112514 2828 -0.0221829
112515 2828 0.0694101
112516 2828 0.237252
112517 2828 -0.189614
119520 3003 1.1447
119521 3003 -0.00303182
119522 3003 0.000755249
119526 3003 0.0712841
119527 3003 0.000264146
119528 3003 -0.102413
119538 3003 -0.0757814
119539 3003 0.100477
119540 3003 0.167045
119541 3003 -0.170612
119542 3003 -0.208335
119543 3003 -0.126692
119565 3004 -0.00303182
119566 3004 1.14353
119567 3004 0.000471888
119571 3004 -0.000214004
119572 3004 0.109433
119573 3004 9.37556e-05
119583 3004 0.104876
119584 3004 -0.0881122
119585 3004 -0.179843
119586 3004 -0.207449
119587 3004 -0.199433
119588 3004 -0.133455
119610 3005 0.000755249
119611 3005 0.000471888
119612 3005 1.14632
119616 3005 -0.106671
119617 3005 0.000846645
119618 3005 -0.182249
119628 3005 0.167615
119629 3005 -0.17587
119630 3005 -0.264426
119631 3005 -0.119638
119632 3005 -0.129854
119633 3005 -0.055593
121647 3057 0.0712841
121648 3057 -0.000214004
121649 3057 -0.106671
121653 3057 1.14438
121654 3057 0.00163581
121655 3057 0.00290483
121665 3057 -0.309663
121666 3057 0.190107
121667 3057 -0.132206
121668 3057 -0.00601868
121669 3057 -0.0804389
121670 3057 0.079603
121692 3058 0.000264146
121693 3058 0.109433
121694 3058 0.000846645
121698 3058 0.00163581
121699 3058 1.14153
121700 3058 0.000351791
121710 3058 0.186725
121711 3058 -0.0877476
121712 3058 0.0745257
121713 3058 -0.0805386
121714 3058 -0.20384
121715 3058 0.227172
121737 3059 -0.102413
121738 3059 9.37556e-05
121739 3059 -0.182249
121743 3059 0.00290483
121744 3059 0.000351791
121745 3059 1.14865
121755 3059 -0.129247
121756 3059 0.072091
121757 3059 -0.0306009
121758 3059 0.0859986
121759 3059 0.234917
121760 3059 -0.218805
121779 3060 0.098193
121780 3060 0.0579541
121781 3060 0.00617249
121788 3060 1.14369
121789 3060 0.00148481
121790 3060 0.00663562
121800 3060 -0.316841
121801 3060 0.190317
121802 3060 -0.128023
121806 3060 -0.0684308
121807 3060 0.0935762
121808 3060 0.164148
121824 3061 0.0610196
121825 3061 -0.204125
121826 3061 -0.0257381
121833 3061 0.00148481
121834 3061 1.14508
121835 3061 0.00266778
121845 3061 0.189127
121846 3061 -0.0845495
121847 3061 0.070814
121851 3061 0.09498
121852 3061 -0.0767772
121853 3061 -0.175111
121869 3062 0.00452106
121870 3062 -0.026013
121871 3062 0.108792
121878 3062 0.00663562
121879 3062 0.00266778
121880 3062 1.14579
121890 3062 -0.124977
121891 3062 0.0688284
121892 3062 -0.0271578
121896 3062 0.166415
121897 3062 -0.172791
121898 3062 -0.282544
122778 3084 1.14615
122779 3084 0.0110957
122780 3084 -0.00198158
122784 3084 0.0761132
122785 3084 -0.0444396
122786 3084 -0.0818556
122796 3084 -0.100571
122797 3084 0.153906
122798 3084 0.154752
122799 3084 -0.101895
122800 3084 -0.205202
122801 3084 -0.050226
122823 3085 0.0110957
122824 3085 1.14544
122825 3085 0.0145655
122829 3085 -0.0380212
122830 3085 0.0549733
122831 3085 -0.108484
122841 3085 0.159409
122842 3085 -0.163516
122843 3085 -0.181672
122844 3085 -0.202258
122845 3085 -0.333068
122846 3085 -0.0765884
122868 3086 -0.00198158
122869 3086 0.0145655
122870 3086 1.14296
122874 3086 -0.0893669
122875 3086 -0.118499
122876 3086 -0.130028
122886 3086 0.165541
122887 3086 -0.178293
122888 3086 -0.166255
122889 3086 -0.0277193
122890 3086 -0.0513147
122891 3086 0.0159242
123180 3093 0.57292
123181 3093 -0.0244891
123182 3093 0.000497353
123186 3093 0.0788015
123187 3093 0.0922951
123188 3093 -0.0273954
123198 3093 -0.0907428
123199 3093 0.0296907
123200 3093 0.0851578
123204 3093 -0.144361
123205 3093 -0.00795067
123206 3093 -0.0722134
123213 3094 -0.0244891
123214 3094 0.580535
123215 3094 -0.00297631
123219 3094 0.0859768
123220 3094 -0.167353
123221 3094 0.0708484
123231 3094 0.158401
123232 3094 -0.0692807
123233 3094 -0.107125
123237 3094 0.112182
123238 3094 -0.0055964
123239 3094 0.0505662
123246 3095 0.000497353
123247 3095 -0.00297631
123248 3095 0.572602
123252 3095 -0.0253488
123253 3095 0.0745235
123254 3095 0.0910636
123264 3095 0.0733607
123265 3095 -0.0326047
123266 3095 -0.0525164
123270 3095 -0.14614
123271 3095 0.0221706
123272 3095 -0.0602671
125094 3141 0.0761132
125095 3141 -0.0380212
125096 3141 -0.0893669
125100 3141 1.17718
125101 3141 -0.0171526
125102 3141 0.00527039
125112 3141 -0.378393
125113 3141 0.071882
125114 3141 -0.161411
125115 3141 -0.00766383
125116 3141 -0.0497985
125117 3141 0.0707364
125139 3142 -0.0444396
125140 3142 0.0549733
125141 3142 -0.118499
125145 3142 -0.0171526
125146 3142 1.14963
125147 3142 0.00553956
125157 3142 0.0770624
125158 3142 0.0103543
125159 3142 0.0376354
125160 3142 -0.0437069
125161 3142 -0.0954732
125162 3142 0.192863
125184 3143 -0.0818556
125185 3143 -0.108484
125186 3143 -0.130028
125190 3143 0.00527039
125191 3143 0.00553956
125192 3143 1.10775
125202 3143 -0.178024
125203 3143 0.0437016
125204 3143 -0.0632447
125205 3143 0.055683
125206 3143 0.208845
125207 3143 -0.325058
130260 3276 0.278798
130261 3276 0.0629429
130262 3276 -0.0106157
130266 3276 0.0301807
130267 3276 0.0284422
130268 3276 0.0125196
130275 3276 -0.0407072
130276 3276 -0.0638815
130277 3276 -0.0317392
130278 3276 0.0162168
130279 3276 -0.043935
130280 3276 0.0805897
130287 3277 0.0629429
130288 3277 0.38008
130289 3277 -0.0721806
130293 3277 0.0816203
130294 3277 -0.0788763
130295 3277 -0.021836
130302 3277 -0.0731914
130303 3277 -0.129007
130304 3277 -0.0635935
130305 3277 -0.0532333
130306 3277 -0.0989554
130307 3277 0.207723
130314 3278 -0.0106157
130315 3278 -0.0721806
130316 3278 0.497681
130320 3278 -0.0406453
130321 3278 0.0805888
130322 3278 0.0504674
130329 3278 0.0282949
130330 3278 0.044061
130331 3278 0.0267602
130332 3278 0.0876961
130333 3278 0.209246
130334 3278 -0.344223
132930 3342 1.14246
132931 3342 -0.00091142
132932 3342 -0.000504557
132936 3342 0.0678947
132937 3342 0.000845003
132938 3342 -0.108287
132951 3342 -0.185756
132952 3342 -0.211003
132953 3342 -0.12102
132963 3342 -0.304019
132964 3342 0.196787
132965 3342 -0.121455
132975 3343 -0.00091142
132976 3343 1.15243
132977 3343 0.00101653
132981 3343 -0.00147252
132982 3343 0.109009
132983 3343 0.00234864
132996 3343 -0.211353
132997 3343 -0.191987
132998 3343 -0.12417
133008 3343 0.198717
133009 3343 -0.0970523
133010 3343 0.0738814
133020 3344 -0.000504557
133021 3344 0.00101653
133022 3344 1.13967
133026 3344 -0.111183
133027 3344 0.00229483
133028 3344 -0.177173
133041 3344 -0.119252
133042 3344 -0.122816
133043 3344 -0.048498
133053 3344 -0.126096
133054 3344 0.075711
133055 3344 -0.025558
135237 3396 0.0678947
135238 3396 -0.00147252
135239 3396 -0.111183
135243 3396 1.14504
135244 3396 0.0010584
135245 3396 0.00181219
135258 3396 -0.00629547
135259 3396 -0.0775876
135260 3396 0.0843032
135270 3396 -0.0588439
135271 3396 0.0977374
135272 3396 0.15543
135282 3397 0.000845003
135283 3397 0.109009
135284 3397 0.00229483
135288 3397 0.0010584
135289 3397 1.14546
135290 3397 0.00145309
135303 3397 -0.0802595
135304 3397 -0.198251
135305 3397 0.231967
135315 3397 0.096638
135316 3397 -0.0909564
135317 3397 -0.184842
135327 3398 -0.108287
135328 3398 0.00234864
135329 3398 -0.177173
135333 3398 0.00181219
135334 3398 0.00145309
135335 3398 1.14405
135348 3398 0.0840736
135349 3398 0.231332
135350 3398 -0.222609
135360 3398 0.156191
135361 3398 -0.187277
135362 3398 -0.277649
136557 3429 0.0788015
136558 3429 0.0859768
136559 3429 -0.0253488
136566 3429 1.14331
136567 3429 0.00629663
136568 3429 0.00701369
136581 3429 -0.0422366
136582 3429 -0.0828555
136583 3429 0.131928
136587 3429 -0.127627
136588 3429 -0.210091
136589 3429 -0.0740292
136602 3430 0.0922951
136603 3430 -0.167353
136604 3430 0.0745235
136611 3430 0.00629663
136612 3430 1.14135
136613 3430 0.00804941
136626 3430 -0.081189
136627 3430 -0.0865201
136628 3430 0.179389
136632 3430 -0.214352
136633 3430 -0.282881
136634 3430 -0.10686
136647 3431 -0.0273954
136648 3431 0.0708484
136649 3431 0.0910636
136656 3431 0.00701369
136657 3431 0.00804941
136658 3431 1.14989
136671 3431 0.144423
136672 3431 0.197701
136673 3431 -0.293456
136677 3431 -0.0780123
136678 3431 -0.116815
136679 3431 -0.0213211
142731 3576 1.15435
142732 3576 -0.0251571
142733 3576 0.0554482
142740 3576 0.0808252
142741 3576 0.0778418
142742 3576 -0.0392174
142755 3576 -0.0311239
142756 3576 -0.123942
142757 3576 -0.049319
142761 3576 -0.19358
142762 3576 -0.218959
142763 3576 0.0908953
142776 3577 -0.0251571
142777 3577 1.10629
142778 3577 0.0546823
142785 3577 0.0723373
142786 3577 -0.17351
142787 3577 0.0977765
142800 3577 -0.127374
142801 3577 -0.272661
142802 3577 -0.145164
142806 3577 -0.233414
142807 3577 -0.191763
142808 3577 0.0978869
142821 3578 0.0554482
142822 3578 0.0546823
142823 3578 1.17392
142830 3578 4.39593e-05
142831 3578 0.0680782
142832 3578 0.0919687
142845 3578 -0.110293
142846 3578 -0.255571
142847 3578 -0.0819267
142851 3578 0.135496
142852 3578 0.121921
142853 3578 -0.0368748
144657 3633 0.0301807
144658 3633 0.0816203
144659 3633 -0.0406453
144663 3633 0.747339
144664 3633 -0.0976601
144665 3633 -0.00907436
144675 3633 -0.128071
144676 3633 0.00102488
144677 3633 -0.105228
144678 3633 -0.129699
144679 3633 0.159651
144680 3633 0.172137
144696 3634 0.0284422
144697 3634 -0.0788763
144698 3634 0.0805888
144702 3634 -0.0976601
144703 3634 0.652039
144704 3634 0.0093077
144714 3634 0.0497087
144715 3634 -0.0115955
144716 3634 0.0540076
144717 3634 0.150397
144718 3634 -0.136151
144719 3634 -0.156154
144735 3635 0.0125196
144736 3635 -0.021836
144737 3635 0.0504674
144741 3635 -0.00907436
144742 3635 0.0093077
144743 3635 0.611429
144753 3635 0.000105183
144754 3635 0.00689355
144755 3635 0.00084329
144756 3635 0.168817
144757 3635 -0.174975
144758 3635 -0.159507
156924 3924 0.0808252
156925 3924 0.0723373
156926 3924 4.39593e-05
156933 3924 0.815848
156934 3924 -0.0344104
156935 3924 0.144759
156942 3924 -0.185193
156943 3924 -0.0316616
156944 3924 -0.175002
156948 3924 -0.19497
156949 3924 0.0139533
156950 3924 0.0621042
156966 3925 0.0778418
156967 3925 -0.17351
156968 3925 0.0680782
156975 3925 -0.0344104
156976 3925 0.890198
156977 3925 0.0689803
156984 3925 0.0300442
156985 3925 0.0316813
156986 3925 0.092857
156990 3925 0.142431
156991 3925 -0.00959948
156992 3925 -0.0617779
157008 3926 -0.0392174
157009 3926 0.0977765
157010 3926 0.0919687
157017 3926 0.144759
157018 3926 0.0689803
157019 3926 0.87426
157026 3926 -0.310765
157027 3926 0.0449459
157028 3926 -0.278859
157032 3926 -0.0231549
157033 3926 0.00495964
157034 3926 -0.000992806
166851 4173 1.18101
166852 4173 -0.014614
166853 4173 0.00613891
166857 4173 0.101902
166858 4173 -0.0319909
166859 4173 -0.050816
166869 4173 -0.128512
166870 4173 0.216655
166871 4173 0.0944774
166881 4173 -0.0467061
166882 4173 -0.0487677
166883 4173 0.17465
166896 4174 -0.014614
166897 4174 1.14914
166898 4174 -0.00104186
166902 4174 -0.0283543
166903 4174 0.0310401
166904 4174 -0.136452
166914 4174 0.203045
166915 4174 -0.269096
166916 4174 -0.122199
166926 4174 -0.0524131
166927 4174 -0.00245471
166928 4174 0.114635
166941 4175 0.00613891
166942 4175 -0.00104186
166943 4175 1.1044
166947 4175 -0.0502564
166948 4175 -0.134785
166949 4175 -0.127409
166959 4175 0.1058
166960 4175 -0.126914
166961 4175 -0.0446963
166971 4175 0.188284
166972 4175 0.0830024
166973 4175 -0.362381
168879 4221 0.101902
168880 4221 -0.0283543
168881 4221 -0.0502564
168885 4221 1.16732
168886 4221 -0.0150727
168887 4221 0.00663798
168897 4221 -0.249262
168898 4221 0.0585703
168899 4221 -0.236471
168909 4221 -0.143116
168910 4221 -0.23718
168911 4221 -0.022433
168924 4222 -0.0319909
168925 4222 0.0310401
168926 4222 -0.134785
168930 4222 -0.0150727
168931 4222 1.15212
168932 4222 0.011627
168942 4222 0.0691174
168943 4222 0.0124924
168944 4222 0.0654681
168954 4222 -0.235392
168955 4222 -0.294419
168956 4222 -0.0352497
168969 4223 -0.050816
168970 4223 -0.136452
168971 4223 -0.127409
168975 4223 0.00663798
168976 4223 0.011627
168977 4223 1.11511
168987 4223 -0.223978
168988 4223 0.051976
168989 4223 -0.186778
168999 4223 -0.0385695
169000 4223 -0.0570083
169001 4223 0.0122631
177174 4425 1
177175 4425 0
177176 4425 0
177183 4425 0
177184 4425 0
177185 4425 0
177198 4425 0
177199 4425 0
177200 4425 0
177201 4425 0
177202 4425 0
177203 4425 0
177219 4426 0
177220 4426 1
177221 4426 0
177228 4426 0
177229 4426 0
177230 4426 0
177243 4426 0
177244 4426 0
177245 4426 0
177246 4426 0
177247 4426 0
177248 4426 0
177264 4427 0
177265 4427 0
177266 4427 1
177273 4427 0
177274 4427 0
177275 4427 0
177288 4427 0
177289 4427 0
177290 4427 0
177291 4427 0
177292 4427 0
177293 4427 0
179118 4470 1
179119 4470 0
179120 4470 0
179124 4470 0
179125 4470 0
179126 4470 0
179148 4470 0
179149 4470 0
179150 4470 0
179151 4470 0
179152 4470 0
179153 4470 0
179163 4471 0
179164 4471 1
179165 4471 0
179169 4471 0
179170 4471 0
179171 4471 0
179193 4471 0
179194 4471 0
179195 4471 0
179196 4471 0
179197 4471 0
179198 4471 0
179208 4472 0
179209 4472 0
179210 4472 1
179214 4472 0
179215 4472 0
179216 4472 0
179238 4472 0
179239 4472 0
179240 4472 0
179241 4472 0
179242 4472 0
179243 4472 0
179253 4473 1.20122
179254 4473 -0.0210478
179255 4473 0.0674572
179262 4473 0.102773
179263 4473 0.0246038
179264 4473 -0.0123728
179283 4473 -0.0785573
179284 4473 -0.0259063
179285 4473 0.215113
179286 4473 -0.228378
179287 4473 0.057667
179288 4473 -0.221685
179298 4474 -0.0210478
179299 4474 1.15667
179300 4474 -0.0137214
179307 4474 0.0309805
179308 4474 -0.129986
179309 4474 0.14429
179328 4474 -0.0154702
179329 4474 0.012755
179330 4474 0.0209815
179331 4474 0.0635899
179332 4474 0.00994933
179333 4474 0.0534146
179343 4475 0.0674572
179344 4475 -0.0137214
179345 4475 1.07666
179352 4475 -0.011878
179353 4475 0.153806
179354 4475 0.00968667
179373 4475 0.178836
179374 4475 0.0343793
179375 4475 -0.357217
179376 4475 -0.262557
179377 4475 0.0647749
179378 4475 -0.216458
180957 4512 0
180958 4512 0
180959 4512 0
180960 4512 1
180961 4512 0
180962 4512 0
180978 4512 0
180979 4512 0
180980 4512 0
180981 4512 0
180982 4512 0
180983 4512 0
180990 4513 0
180991 4513 0
180992 4513 0
180993 4513 0
180994 4513 1
180995 4513 0
181011 4513 0
181012 4513 0
181013 4513 0
181014 4513 0
181015 4513 0
181016 4513 0
181023 4514 0
181024 4514 0
181025 4514 0
181026 4514 0
181027 4514 0
181028 4514 1
181044 4514 0
181045 4514 0
181046 4514 0
181047 4514 0
181048 4514 0
181049 4514 0
187857 4686 0
187858 4686 0
187859 4686 0
187863 4686 1
187864 4686 0
187865 4686 0
187872 4686 0
187873 4686 0
187874 4686 0
187875 4686 0
187876 4686 0
187877 4686 0
187890 4687 0
187891 4687 0
187892 4687 0
187896 4687 0
187897 4687 1
187898 4687 0
187905 4687 0
187906 4687 0
187907 4687 0
187908 4687 0
187909 4687 0
187910 4687 0
187923 4688 0
187924 4688 0
187925 4688 0
187929 4688 0
187930 4688 0
187931 4688 1
187938 4688 0
187939 4688 0
187940 4688 0
187941 4688 0
187942 4688 0
187943 4688 0
189630 4728 0.102773
189631 4728 0.0309805
189632 4728 -0.011878
189639 4728 1.19605
189640 4728 -0.0156875
189641 4728 0.0301186
189657 4728 -0.121647
189658 4728 0.207287
189659 4728 0.123897
189660 4728 -0.167042
189661 4728 -0.230682
189662 4728 -0.0104383
189675 4729 0.0246038
189676 4729 -0.129986
189677 4729 0.153806
189684 4729 -0.0156875
189685 4729 1.15084
189686 4729 0.00236139
189702 4729 0.206765
189703 4729 -0.311991
189704 4729 -0.148699
189705 4729 -0.256528
189706 4729 -0.282116
189707 4729 -0.0273845
189720 4730 -0.0123728
189721 4730 0.14429
189722 4730 0.00968667
189729 4730 0.0301186
189730 4730 0.00236139
189731 4730 1.08766
189747 4730 0.0591189
189748 4730 -0.0882009
189749 4730 0.00807582
189750 4730 -0.0140075
189751 4730 -0.0230272
189752 4730 0.0230225
265983 6738 -0.0619457
265984 6738 -0.0813649
265985 6738 -0.0075305
265989 6738 -0.116569
265990 6738 0.061867
265991 6738 0.0133019
265998 6738 0.391422
265999 6738 -0.0823525
266000 6738 -0.0584263
266001 6738 0.0937715
266002 6738 0.00471782
266003 6738 -0.0714059
266010 6739 -0.103609
266011 6739 -0.102736
266012 6739 -0.040691
266016 6739 0.0523048
266017 6739 -0.0411287
266018 6739 -0.00551547
266025 6739 -0.0823525
266026 6739 0.311568
266027 6739 0.0556234
266028 6739 0.00179606
266029 6739 0.109626
266030 6739 0.0096631
266037 6740 -0.126561
266038 6740 -0.122626
266039 6740 -0.0483062
266043 6740 -0.0945551
266044 6740 0.0567769
266045 6740 0.0164595
266052 6740 -0.0584263
266053 6740 0.0556234
266054 6740 0.453569
266055 6740 -0.0694835
266056 6740 0.00988562
266057 6740 -0.20219
267402 6777 -0.0185773
267403 6777 -0.103886
267404 6777 0.0881537
267414 6777 -0.129334
267415 6777 0.107743
267416 6777 0.202965
267426 6777 0.0937715
267427 6777 0.00179606
267428 6777 -0.0694835
267432 6777 1.14366
267433 6777 0.00410794
267434 6777 -0.00278552
267447 6778 -0.10241
267448 6778 -0.236149
267449 6778 0.222279
267459 6778 0.10579
267460 6778 -0.0543118
267461 6778 -0.143407
267471 6778 0.00471782
267472 6778 0.109626
267473 6778 0.00988562
267477 6778 0.00410794
267478 6778 1.14612
267479 6778 0.00130388
267492 6779 0.0901997
267493 6779 0.224432
267494 6779 -0.173858
267504 6779 0.197528
267505 6779 -0.141893
267506 6779 -0.244241
267516 6779 -0.0714059
267517 6779 0.0096631
267518 6779 -0.20219
267522 6779 -0.00278552
267523 6779 0.00130388
267524 6779 1.14477
284343 7203 -0.11924
284344 7203 0.103672
284345 7203 0.201479
284349 7203 -0.321688
284350 7203 0.167292
284351 7203 -0.146461
284361 7203 1.13813
284362 7203 0.00455439
284363 7203 -0.00280067
284370 7203 0.0874381
284371 7203 0.0826309
284372 7203 0.00550577
284388 7204 0.0975567
284389 7204 -0.0525514
284390 7204 -0.141712
284394 7204 0.172482
284395 7204 -0.0623226
284396 7204 0.0724933
284406 7204 0.00455439
284407 7204 1.14964
284408 7204 0.0044252
284415 7204 0.0824896
284416 7204 -0.193762
284417 7204 -0.0279369
284433 7205 0.195938
284434 7205 -0.147398
284435 7205 -0.257253
284439 7205 -0.151331
284440 7205 0.0759233
284441 7205 -0.0411207
284451 7205 -0.00280067
284452 7205 0.0044252
284453 7205 1.14679
284460 7205 0.0106425
284461 7205 -0.0292038
284462 7205 0.106338
286659 7260 0.000668108
286660 7260 -0.0816904
286661 7260 0.0690854
286662 7260 -0.332253
286663 7260 0.165575
286664 7260 -0.142035
286674 7260 1.14079
286675 7260 0.00731764
286676 7260 -0.00120724
286683 7260 0.0854286
286684 7260 0.0873926
286685 7260 0.00736247
286704 7261 -0.0766262
286705 7261 -0.248432
286706 7261 0.2343
286707 7261 0.167158
286708 7261 -0.0589441
286709 7261 0.0660839
286719 7261 0.00731764
286720 7261 1.14764
286721 7261 0.00372731
286728 7261 0.0872964
286729 7261 -0.187562
286730 7261 -0.0330013
286749 7262 0.0631005
286750 7262 0.231505
286751 7262 -0.179588
286752 7262 -0.148953
286753 7262 0.0696293
286754 7262 -0.0378178
286764 7262 -0.00120724
286765 7262 0.00372731
286766 7262 1.14613
286773 7262 0.0122593
286774 7262 -0.0334997
286775 7262 0.106469
288792 7311 -0.115762
288793 7311 -0.183397
288794 7311 -0.125225
288795 7311 -0.0556992
288796 7311 0.027649
288797 7311 0.0294796
288810 7311 0.574223
288811 7311 0.00344081
288812 7311 0.00659733
288813 7311 0.0420852
288814 7311 -0.0094964
288815 7311 -0.00928097
288825 7312 -0.184897
288826 7312 -0.220809
288827 7312 -0.163906
288828 7312 0.0628872
288829 7312 -0.0202926
288830 7312 -0.0714593
288843 7312 0.00344081
288844 7312 0.576051
288845 7312 -0.00316888
288846 7312 0.0973815
288847 7312 -0.093092
288848 7312 0.00713915
288858 7313 -0.124819
288859 7313 -0.165495
288860 7313 -0.0919634
288861 7313 0.167919
288862 7313 -0.0647028
288863 7313 -0.137535
288876 7313 0.00659733
288877 7313 -0.00316888
288878 7313 0.575784
288879 7313 0.020216
288880 7313 -0.0477919
288881 7313 0.0522793
290043 7344 -0.0860143
290044 7344 -0.168869
290045 7344 -0.120224
290055 7344 -0.358633
290056 7344 0.139541
290057 7344 -0.142278
290067 7344 1.13663
290068 7344 0.00693571
290069 7344 0.00551291
290073 7344 0.0825215
290074 7344 0.00664398
290075 7344 -0.0827852
290088 7345 -0.170389
290089 7345 -0.240591
290090 7345 -0.183332
290100 7345 0.14764
290101 7345 -0.0351974
290102 7345 0.057546
290112 7345 0.00693571
290113 7345 1.15761
290114 7345 -0.000494655
290118 7345 0.00608132
290119 7345 0.113755
290120 7345 0.00941008
290133 7346 -0.111549
290134 7346 -0.17368
290135 7346 -0.100431
290145 7346 -0.15142
290146 7346 0.0540045
290147 7346 -0.0337941
290157 7346 0.00551291
290158 7346 -0.000494655
290159 7346 1.14031
290163 7346 -0.0832041
290164 7346 0.00725784
290165 7346 -0.195359
290541 7365 -0.00938333
290542 7365 -0.00467214
290543 7365 0.00581164
290547 7365 -0.0570807
290548 7365 0.0202385
290549 7365 0.0281955
290550 7365 0.0825215
290551 7365 0.00608132
290552 7365 -0.0832041
290553 7365 0.161466
290554 7365 0.00421686
290555 7365 0.0307442
290559 7366 -0.0378752
290560 7366 -0.111362
290561 7366 0.0206208
290565 7366 0.0298249
290566 7366 -0.0273028
290567 7366 -0.0150333
290568 7366 0.00664398
290569 7366 0.113755
290570 7366 0.00725784
290571 7366 0.00421686
290572 7366 0.165117
290573 7366 -0.00328247
290577 7367 0.0531194
290578 7367 0.131794
290579 7367 -0.0207447
290583 7367 0.141529
290584 7367 -0.0619887
290585 7367 -0.0580037
290586 7367 -0.0827852
290587 7367 0.00941008
290588 7367 -0.195359
290589 7367 0.0307442
290590 7367 -0.00328247
290591 7367 0.260477
295074 7485 -0.0276004
295075 7485 -0.0598469
295076 7485 0.093588
295077 7485 -0.0812449
295078 7485 0.0260946
295079 7485 -0.0212355
295089 7485 0.680368
295090 7485 0.0142988
295091 7485 0.0587
295095 7485 0.0461229
295096 7485 0.00724005
295097 7485 0.019049
295116 7486 -0.081872
295117 7486 -0.148755
295118 7486 0.225117
295119 7486 0.104464
295120 7486 -0.0321381
295121 7486 0.0181753
295131 7486 0.0142988
295132 7486 0.907685
295133 7486 -0.0101163
295137 7486 0.0947973
295138 7486 -0.148319
295139 7486 0.0108839
295158 7487 0.104721
295159 7487 0.200538
295160 7487 -0.25288
295161 7487 -0.114945
295162 7487 0.0185433
295163 7487 -0.0342828
295173 7487 0.0587
295174 7487 -0.0101163
295175 7487 0.849878
295179 7487 0.0208552
295180 7487 0.0285717
295181 7487 0.10652
295581 7497 -0.00428244
295582 7497 -0.0848844
295583 7497 0.072591
295587 7497 -0.124091
295588 7497 -0.189582
295589 7497 -0.127227
295602 7497 0.0874381
295603 7497 0.0824896
295604 7497 0.0106425
295611 7497 1.13605
295612 7497 0.0144313
295613 7497 0.0012446
295626 7498 -0.0867137
295627 7498 -0.234261
295628 7498 0.227879
295632 7498 -0.191167
295633 7498 -0.221029
295634 7498 -0.162326
295647 7498 0.0826309
295648 7498 -0.193762
295649 7498 -0.0292038
295656 7498 0.0144313
295657 7498 1.15299
295658 7498 0.00209932
295671 7499 0.0778655
295672 7499 0.232115
295673 7499 -0.186625
295677 7499 -0.123433
295678 7499 -0.15532
295679 7499 -0.082717
295692 7499 0.00550577
295693 7499 -0.0279369
295694 7499 0.106338
295701 7499 0.0012446
295702 7499 0.00209932
295703 7499 1.14551
295716 7500 -0.00447988
295717 7500 -0.0830835
295718 7500 0.0711169
295728 7500 -0.100114
295729 7500 0.0976512
295730 7500 0.19182
295746 7500 1.14088
295747 7500 0.00833164
295748 7500 -0.000808098
295749 7500 -0.170293
295750 7500 -0.082595
295751 7500 0.0821508
295761 7501 -0.0853636
295762 7501 -0.238451
295763 7501 0.2273
295773 7501 0.0923424
295774 7501 -0.054759
295775 7501 -0.149192
295791 7501 0.00833164
295792 7501 1.14534
295793 7501 -0.00253118
295794 7501 -0.0812157
295795 7501 0.0854718
295796 7501 0.0245295
295806 7502 0.0756138
295807 7502 0.233109
295808 7502 -0.183793
295818 7502 0.187581
295819 7502 -0.153359
295820 7502 -0.274292
295836 7502 -0.000808098
295837 7502 -0.00253118
295838 7502 1.14833
295839 7502 0.084114
295840 7502 0.0242101
295841 7502 0.0848095
295848 7503 -0.326961
295849 7503 0.175189
295850 7503 -0.144503
295860 7503 -0.136634
295861 7503 -0.192042
295862 7503 -0.122221
295863 7503 -0.100118
295864 7503 0.0946455
295865 7503 0.192636
295869 7503 -0.331958
295870 7503 0.174222
295871 7503 -0.130169
295878 7503 -0.170293
295879 7503 -0.0812157
295880 7503 0.084114
295881 7503 1.14413
295882 7503 0.0077244
295883 7503 0.000340526
295890 7503 0.0907333
295891 7503 0.0763788
295892 7503 0.00623578
295893 7504 0.169225
295894 7504 -0.0663172
295895 7504 0.0707608
295905 7504 -0.194813
295906 7504 -0.212075
295907 7504 -0.14893
295908 7504 0.0905602
295909 7504 -0.0515773
295910 7504 -0.146445
295914 7504 0.178615
295915 7504 -0.0672976
295916 7504 0.0649642
295923 7504 -0.082595
295924 7504 0.0854718
295925 7504 0.0242101
295926 7504 0.0077244
295927 7504 1.14661
295928 7504 -0.00512578
295935 7504 0.0751988
295936 7504 -0.195161
295937 7504 -0.0356206
295938 7505 -0.139505
295939 7505 0.0691221
295940 7505 -0.0365048
295950 7505 -0.127438
295951 7505 -0.154815
295952 7505 -0.0772607
295953 7505 0.189318
295954 7505 -0.14924
295955 7505 -0.277902
295959 7505 -0.134219
295960 7505 0.0671826
295961 7505 -0.0275469
295968 7505 0.0821508
295969 7505 0.0245295
295970 7505 0.0848095
295971 7505 0.000340526
295972 7505 -0.00512578
295973 7505 1.14381
295980 7505 0.00976191
295981 7505 -0.035037
295982 7505 0.106341
297699 7548 -0.116865
297700 7548 0.0889347
297701 7548 0.197685
297702 7548 -0.119349
297703 7548 -0.185073
297704 7548 -0.124587
297717 7548 0.0854286
297718 7548 0.0872964
297719 7548 0.0122593
297726 7548 1.13946
297727 7548 0.0107522
297728 7548 0.00395789
297744 7549 0.0935306
297745 7549 -0.0437834
297746 7549 -0.134589
297747 7549 -0.185068
297748 7549 -0.224445
297749 7549 -0.163263
297762 7549 0.0873926
297763 7549 -0.187562
297764 7549 -0.0334997
297771 7549 0.0107522
297772 7549 1.14633
297773 7549 -0.00388504
297789 7550 0.202899
297790 7550 -0.131922
297791 7550 -0.268006
297792 7550 -0.120758
297793 7550 -0.157043
297794 7550 -0.0843304
297807 7550 0.00736247
297808 7550 -0.0330013
297809 7550 0.106469
297816 7550 0.00395789
297817 7550 -0.00388504
297818 7550 1.14876
299685 7596 0.0044059
299686 7596 -0.0646952
299687 7596 0.0576759
299691 7596 -0.117107
299692 7596 -0.185979
299693 7596 -0.120761
299715 7596 1.14279
299716 7596 0.0096401
299717 7596 0.00337374
299718 7596 -0.159736
299719 7596 -0.0936776
299720 7596 0.0850349
299730 7597 -0.070211
299731 7597 -0.248001
299732 7597 0.232854
299736 7597 -0.186236
299737 7597 -0.231776
299738 7597 -0.16103
299760 7597 0.0096401
299761 7597 1.15088
299762 7597 -0.0034162
299763 7597 -0.0914851
299764 7597 0.077537
299765 7597 0.0279651
299775 7598 0.0623461
299776 7598 0.237001
299777 7598 -0.182613
299781 7598 -0.116605
299782 7598 -0.156785
299783 7598 -0.0799347
299805 7598 0.00337374
299806 7598 -0.0034162
299807 7598 1.14089
299808 7598 0.0879699
299809 7598 0.0307056
299810 7598 0.0815509
299817 7599 -0.346071
299818 7599 0.16533
299819 7599 -0.138562
299820 7599 0.00131867
299821 7599 0.00115385
299822 7599 -0.0233291
299823 7599 -0.0975991
299824 7599 0.0767345
299825 7599 0.188119
299838 7599 0.0420852
299839 7599 0.0973815
299840 7599 0.020216
299844 7599 -0.159736
299845 7599 -0.0914851
299846 7599 0.0879699
299847 7599 0.668432
299848 7599 -0.0495604
299849 7599 0.0171593
299856 7600 0.164595
299857 7600 -0.0517939
299858 7600 0.0619912
299859 7600 -0.0714764
299860 7600 -0.125317
299861 7600 0.0834458
299862 7600 0.00670214
299863 7600 -0.0128787
299864 7600 -0.0551152
299877 7600 -0.0094964
299878 7600 -0.093092
299879 7600 -0.0477919
299883 7600 -0.0936776
299884 7600 0.077537
299885 7600 0.0307056
299886 7600 -0.0495604
299887 7600 0.723915
299888 7600 -0.117074
299895 7601 -0.135054
299896 7601 0.062283
299897 7601 -0.0297611
299898 7601 0.0883689
299899 7601 0.149202
299900 7601 -0.0867184
299901 7601 0.103479
299902 7601 -0.107017
299903 7601 -0.17542
299916 7601 -0.00928097
299917 7601 0.00713915
299918 7601 0.0522793
299922 7601 0.0850349
299923 7601 0.0279651
299924 7601 0.0815509
299925 7601 0.0171593
299926 7601 -0.117074
299927 7601 0.760836
300132 7608 -0.184934
300133 7608 -0.0258552
300134 7608 -0.261006
300144 7608 0
300145 7608 0
300146 7608 0
300156 7608 1.25064
300157 7608 -0.0476109
300158 7608 0.0804897
300159 7608 -0.155596
300160 7608 0.138139
300161 7608 -0.0454217
300177 7609 -0.130439
300178 7609 -0.0762516
300179 7609 -0.166396
300189 7609 0
300190 7609 0
300191 7609 0
300201 7609 -0.0476109
300202 7609 1.04211
300203 7609 -0.00122334
300204 7609 -0.0342397
300205 7609 0.0747672
300206 7609 0.0520603
300222 7610 -0.134596
300223 7610 0.0302612
300224 7610 -0.148305
300234 7610 0
300235 7610 0
300236 7610 0
300246 7610 0.0804897
300247 7610 -0.00122334
300248 7610 1.14181
300249 7610 0.102031
300250 7610 -0.0312074
300251 7610 0.0845201
300264 7611 -0.0996616
300265 7611 0.143973
300266 7611 0.192335
300267 7611 -0.110243
300268 7611 -0.0306358
300269 7611 -0.203042
300276 7611 0
300277 7611 0
300278 7611 0
300279 7611 -0.0806656
300280 7611 0.138891
300281 7611 -0.118045
300288 7611 -0.155596
300289 7611 -0.0342397
300290 7611 0.102031
300291 7611 1.14242
300292 7611 -0.220689
300293 7611 0.0922531
300294 7611 -0.202579
300295 7611 0.0576481
300296 7611 -0.0247461
300297 7611 -0.0519969
300298 7611 -0.106339
300299 7611 0.0598839
300309 7612 0.0538167
300310 7612 -0.136126
300311 7612 -0.185184
300312 7612 -0.0260282
300313 7612 0.0111462
300314 7612 -0.0106255
300321 7612 0
300322 7612 0
300323 7612 0
300324 7612 0.100876
300325 7612 -0.349276
300326 7612 0.121881
300333 7612 0.138139
300334 7612 0.0747672
300335 7612 -0.0312074
300336 7612 -0.220689
300337 7612 1.12441
300338 7612 -0.0072514
300339 7612 0.0848307
300340 7612 0.098685
300341 7612 0.00555244
300342 7612 -0.118197
300343 7612 0.0209848
300344 7612 0.0604427
300354 7613 0.150136
300355 7613 -0.0517687
300356 7613 -0.19231
300357 7613 -0.227648
300358 7613 -0.028078
300359 7613 -0.330831
300366 7613 0
300367 7613 0
300368 7613 0
300369 7613 0.0116546
300370 7613 0.0691529
300371 7613 0.00013886
300378 7613 -0.0454217
300379 7613 0.0520603
300380 7613 0.0845201
300381 7613 0.0922531
300382 7613 -0.0072514
300383 7613 1.16773
300384 7613 -0.0114905
300385 7613 -8.51285e-05
300386 7613 0.101782
300387 7613 0.0961818
300388 7613 0.0812269
300389 7613 0.0371633
300399 7614 -0.125621
300400 7614 0.122325
300401 7614 0.197695
300411 7614 -0.213548
300412 7614 -0.235575
300413 7614 0.0528877
300423 7614 -0.202579
300424 7614 0.0848307
300425 7614 -0.0114905
300426 7614 1.18286
300427 7614 0.024909
300428 7614 0.0121167
300444 7615 0.10701
300445 7615 -0.0985181
300446 7615 -0.163359
300456 7615 -0.237184
300457 7615 -0.222862
300458 7615 0.0383197
300468 7615 0.0576481
300469 7615 0.098685
300470 7615 -8.51285e-05
300471 7615 0.024909
300472 7615 1.14451
300473 7615 0.00390771
300489 7616 0.17105
300490 7616 -0.147552
300491 7616 -0.204281
300501 7616 0.112672
300502 7616 0.103436
300503 7616 0.00747817
300513 7616 -0.0247461
300514 7616 0.00555244
300515 7616 0.101782
300516 7616 0.0121167
300517 7616 0.00390771
300518 7616 1.10719
301323 7638 -0.0695968
301324 7638 -0.00955378
301325 7638 0.102175
301329 7638 0
301330 7638 0
301331 7638 0
301338 7638 0.309062
301339 7638 0.173813
301340 7638 -0.0927838
301341 7638 0.0280723
301342 7638 -0.045102
301343 7638 0.0138875
301350 7639 -0.00509867
301351 7639 -0.0799039
301352 7639 0.119097
301356 7639 0
301357 7639 0
301358 7639 0
301365 7639 0.173813
301366 7639 0.523124
301367 7639 0.0828093
301368 7639 0.0210118
301369 7639 -0.0893475
301370 7639 0.0431601
301377 7640 -0.0211089
301378 7640 0.0456189
301379 7640 -0.070004
301383 7640 0
301384 7640 0
301385 7640 0
301392 7640 -0.0927838
301393 7640 0.0828093
301394 7640 0.324373
301395 7640 0.0212089
301396 7640 -0.0670259
301397 7640 0.0591149
301401 7641 -0.0180755
301402 7641 -0.0106069
301403 7641 -0.0192763
301407 7641 0
301408 7641 0
301409 7641 0
301410 7641 -0.121161
301411 7641 0.211838
301412 7641 0.0165379
301416 7641 -0.0519969
301417 7641 -0.118197
301418 7641 0.0961818
301419 7641 0.0280723
301420 7641 0.0210118
301421 7641 0.0212089
301422 7641 0.375367
301423 7641 -0.0334155
301424 7641 -0.136905
301428 7642 0.156221
301429 7642 -0.198468
301430 7642 -0.116037
301434 7642 0
301435 7642 0
301436 7642 0
301437 7642 0.0380469
301438 7642 -0.067436
301439 7642 -0.0209853
301443 7642 -0.106339
301444 7642 0.0209848
301445 7642 0.0812269
301446 7642 -0.045102
301447 7642 -0.0893475
301448 7642 -0.0670259
301449 7642 -0.0334155
301450 7642 0.438855
301451 7642 -0.0472037
301455 7643 -0.0341546
301456 7643 0.00627106
301457 7643 0.000145166
301461 7643 0
301462 7643 0
301463 7643 0
301464 7643 0.0508661
301465 7643 -0.136107
301466 7643 -0.0297925
301470 7643 0.0598839
301471 7643 0.0604427
301472 7643 0.0371633
301473 7643 0.0138875
301474 7643 0.0431601
301475 7643 0.0591149
301476 7643 -0.136905
301477 7643 -0.0472037
301478 7643 0.342337
302031 7668 -0.019199
302032 7668 -0.0177149
302033 7668 0.0124659
302034 7668 -0.151786
302035 7668 0.126647
302036 7668 -0.0368498
302040 7668 0.351935
302041 7668 0.114335
302042 7668 0.0664899
302046 7668 0.0843394
302047 7668 0.00236689
302048 7668 -0.085716
302058 7669 -0.0471695
302059 7669 -0.0892554
302060 7669 0.0259463
302061 7669 0.0540088
302062 7669 -0.0406601
302063 7669 -0.0123502
302067 7669 0.114335
302068 7669 0.409966
302069 7669 0.0413834
302073 7669 0.001868
302074 7669 0.109312
302075 7669 0.00656171
302085 7670 0.0785936
302086 7670 0.12368
302087 7670 -0.0360429
302088 7670 -0.108538
302089 7670 0.0926876
302090 7670 -0.0215852
302094 7670 0.0664899
302095 7670 0.0413834
302096 7670 0.394658
302100 7670 -0.0874232
302101 7670 0.00526776
302102 7670 -0.194844
303123 7698 -0.152634
303124 7698 -0.199266
303125 7698 -0.123939
303126 7698 -0.0944839
303127 7698 0.107348
303128 7698 0.181598
303138 7698 0.0843394
303139 7698 0.001868
303140 7698 -0.0874232
303144 7698 1.13885
303145 7698 0.00803394
303146 7698 0.00189908
303168 7699 -0.198891
303169 7699 -0.203343
303170 7699 -0.142389
303171 7699 0.10471
303172 7699 -0.0729944
303173 7699 -0.162475
303183 7699 0.00236689
303184 7699 0.109312
303185 7699 0.00526776
303189 7699 0.00803394
303190 7699 1.14886
303191 7699 0.000311866
303213 7700 -0.12832
303214 7700 -0.146171
303215 7700 -0.0724195
303216 7700 0.181396
303217 7700 -0.165183
303218 7700 -0.257471
303228 7700 -0.085716
303229 7700 0.00656171
303230 7700 -0.194844
303234 7700 0.00189908
303235 7700 0.000311866
303236 7700 1.14684
306222 7773 -0.0979149
306223 7773 0.119173
306224 7773 0.156026
306225 7773 -0.0190652
306226 7773 -0.017599
306227 7773 -0.0105393
306240 7773 0.0461229
306241 7773 0.0947973
306242 7773 0.0208552
306249 7773 0.723085
306250 7773 -0.102014
306251 7773 0.0493953
306264 7774 0.136795
306265 7774 -0.118096
306266 7774 -0.178418
306267 7774 -0.108281
306268 7774 -0.0976128
306269 7774 -0.0244634
306282 7774 0.00724005
306283 7774 -0.148319
306284 7774 0.0285717
306291 7774 -0.102014
306292 7774 0.880888
306293 7774 0.0064098
306306 7775 0.163781
306307 7775 -0.188577
306308 7775 -0.203008
306309 7775 -0.0864897
306310 7775 -0.0641736
306311 7775 -0.0265896
306324 7775 0.019049
306325 7775 0.0108839
306326 7775 0.10652
306333 7775 0.0493953
306334 7775 0.0064098
306335 7775 0.833958
306606 7782 -0.00259455
306607 7782 -0.0813635
306608 7782 0.0739737
306618 7782 -0.0832613
306619 7782 0.103167
306620 7782 0.175356
306636 7782 1.13517
306637 7782 0.0125178
306638 7782 -0.000897428
306639 7782 -0.170369
306640 7782 -0.0705001
306641 7782 0.0919858
306651 7783 -0.0832486
306652 7783 -0.218435
306653 7783 0.22766
306663 7783 0.0998871
306664 7783 -0.0763707
306665 7783 -0.166414
306681 7783 0.0125178
306682 7783 1.14799
306683 7783 -0.000284958
306684 7783 -0.0694466
306685 7783 0.0918616
306686 7783 0.0243835
306696 7784 0.0815562
306697 7784 0.235775
306698 7784 -0.204295
306708 7784 0.17559
306709 7784 -0.171438
306710 7784 -0.267207
306726 7784 -0.000897428
306727 7784 -0.000284958
306728 7784 1.15139
306729 7784 0.0932236
306730 7784 0.0232214
306731 7784 0.0793029
306738 7785 -0.326302
306739 7785 0.177758
306740 7785 -0.14137
306750 7785 -0.153339
306751 7785 -0.203073
306752 7785 -0.117356
306768 7785 -0.170369
306769 7785 -0.0694466
306770 7785 0.0932236
306771 7785 1.1376
306772 7785 0.00867313
306773 7785 0.000918781
306783 7786 0.168153
306784 7786 -0.0690627
306785 7786 0.0690154
306795 7786 -0.207513
306796 7786 -0.211737
306797 7786 -0.134955
306813 7786 -0.0705001
306814 7786 0.0918616
306815 7786 0.0232214
306816 7786 0.00867313
306817 7786 1.1492
306818 7786 0.00101983
306828 7787 -0.137252
306829 7787 0.0689623
306830 7787 -0.0344034
306840 7787 -0.124112
306841 7787 -0.13982
306842 7787 -0.0603759
306858 7787 0.0919858
306859 7787 0.0243835
306860 7787 0.0793029
306861 7787 0.000918781
306862 7787 0.00101983
306863 7787 1.14775
307011 7791 -0.00145115
307012 7791 -0.0768496
307013 7791 0.0681195
307017 7791 -0.142823
307018 7791 -0.194985
307019 7791 -0.124859
307029 7791 -0.331387
307030 7791 0.182838
307031 7791 -0.121255
307032 7791 0.0907333
307033 7791 0.0751988
307034 7791 0.00976191
307041 7791 1.14496
307042 7791 0.00250293
307043 7791 -0.0015067
307044 7791 -0.168726
307045 7791 -0.0775266
307046 7791 0.0890963
307056 7792 -0.0791347
307057 7792 -0.234392
307058 7792 0.23009
307062 7792 -0.195392
307063 7792 -0.211126
307064 7792 -0.149366
307074 7792 0.182701
307075 7792 -0.0732601
307076 7792 0.0637157
307077 7792 0.0763788
307078 7792 -0.195161
307079 7792 -0.035037
307086 7792 0.00250293
307087 7792 1.14228
307088 7792 -0.00372328
307089 7792 -0.0744349
307090 7792 0.0886566
307091 7792 0.0255898
307101 7793 0.0721521
307102 7793 0.236016
307103 7793 -0.189068
307107 7793 -0.12384
307108 7793 -0.145159
307109 7793 -0.0728968
307119 7793 -0.125817
307120 7793 0.065974
307121 7793 -0.0221829
307122 7793 0.00623578
307123 7793 -0.0356206
307124 7793 0.106341
307131 7793 -0.0015067
307132 7793 -0.00372328
307133 7793 1.14732
307134 7793 0.0929794
307135 7793 0.0245557
307136 7793 0.0794425
307149 7794 -0.0923184
307150 7794 0.0889938
307151 7794 0.184269
307161 7794 0.00151281
307162 7794 -0.0774591
307163 7794 0.0694101
307173 7794 -0.168726
307174 7794 -0.0744349
307175 7794 0.0929794
307176 7794 1.14532
307177 7794 0.000400804
307178 7794 0.00246248
307194 7795 0.0935778
307195 7795 -0.0499873
307196 7795 -0.149076
307206 7795 -0.073799
307207 7795 -0.238327
307208 7795 0.237252
307218 7795 -0.0775266
307219 7795 0.0886566
307220 7795 0.0245557
307221 7795 0.000400804
307222 7795 1.14845
307223 7795 0.00238223
307239 7796 0.189797
307240 7796 -0.144698
307241 7796 -0.282383
307251 7796 0.066188
307252 7796 0.231652
307253 7796 -0.189614
307263 7796 0.0890963
307264 7796 0.0255898
307265 7796 0.0794425
307266 7796 0.00246248
307267 7796 0.00238223
307268 7796 1.14078
315915 8028 -0.0757814
315916 8028 0.104876
315917 8028 0.167615
315921 8028 -0.309663
315922 8028 0.186725
315923 8028 -0.129247
315933 8028 1.14354
315934 8028 0.00964569
315935 8028 0.00209494
315936 8028 -0.174499
315937 8028 -0.0580477
315938 8028 0.0970113
315960 8029 0.100477
315961 8029 -0.0881122
315962 8029 -0.17587
315966 8029 0.190107
315967 8029 -0.0877476
315968 8029 0.072091
315978 8029 0.00964569
315979 8029 1.14393
315980 8029 0.00133453
315981 8029 -0.0569692
315982 8029 0.097496
315983 8029 0.0208152
316005 8030 0.167045
316006 8030 -0.179843
316007 8030 -0.264426
316011 8030 -0.132206
316012 8030 0.0745257
316013 8030 -0.0306009
316023 8030 0.00209494
316024 8030 0.00133453
316025 8030 1.14709
316026 8030 0.096407
316027 8030 0.0207041
316028 8030 0.0765928
316044 8031 -0.161982
316045 8031 -0.201826
316046 8031 -0.124922
316047 8031 -0.170612
316048 8031 -0.207449
316049 8031 -0.119638
316053 8031 -0.00601868
316054 8031 -0.0805386
316055 8031 0.0859986
316056 8031 -0.316841
316057 8031 0.189127
316058 8031 -0.124977
316065 8031 -0.174499
316066 8031 -0.0569692
316067 8031 0.096407
316068 8031 1.14225
316069 8031 0.00162194
316070 8031 -0.000861956
316074 8031 0.0727597
316075 8031 0.0011237
316076 8031 -0.102782
316089 8032 -0.200897
316090 8032 -0.200528
316091 8032 -0.140135
316092 8032 -0.208335
316093 8032 -0.199433
316094 8032 -0.129854
316098 8032 -0.0804389
316099 8032 -0.20384
316100 8032 0.234917
316101 8032 0.190317
316102 8032 -0.0845495
316103 8032 0.0688284
316110 8032 -0.0580477
316111 8032 0.097496
316112 8032 0.0207041
316113 8032 0.00162194
316114 8032 1.14012
316115 8032 0.00497844
316119 8032 0.00139376
316120 8032 0.109387
316121 8032 0.00467701
316134 8033 -0.122858
316135 8033 -0.135093
316136 8033 -0.0621323
316137 8033 -0.126692
316138 8033 -0.133455
316139 8033 -0.055593
316143 8033 0.079603
316144 8033 0.227172
316145 8033 -0.218805
316146 8033 -0.128023
316147 8033 0.070814
316148 8033 -0.0271578
316155 8033 0.0970113
316156 8033 0.0208152
316157 8033 0.0765928
316158 8033 -0.000861956
316159 8033 0.00497844
316160 8033 1.15219
316164 8033 -0.106504
316165 8033 0.00205308
316166 8033 -0.180519
318126 8082 -0.00302649
318127 8082 -0.0740598
318128 8082 0.0719313
318138 8082 -0.0684308
318139 8082 0.09498
318140 8082 0.166415
318150 8082 0.0727597
318151 8082 0.00139376
318152 8082 -0.106504
318156 8082 1.13957
318157 8082 0.000603379
318158 8082 -0.00560506
318171 8083 -0.0756676
318172 8083 -0.215902
318173 8083 0.231196
318183 8083 0.0935762
318184 8083 -0.0767772
318185 8083 -0.172791
318195 8083 0.0011237
318196 8083 0.109387
318197 8083 0.00205308
318201 8083 0.000603379
318202 8083 1.14573
318203 8083 -0.00274811
318216 8084 0.076613
318217 8084 0.236566
318218 8084 -0.211548
318228 8084 0.164148
318229 8084 -0.175111
318230 8084 -0.282544
318240 8084 -0.102782
318241 8084 0.00467701
318242 8084 -0.180519
318246 8084 -0.00560506
318247 8084 -0.00274811
318248 8084 1.14925
319191 8109 -0.100571
319192 8109 0.159409
319193 8109 0.165541
319197 8109 -0.378393
319198 8109 0.0770624
319199 8109 -0.178024
319209 8109 1.11423
319210 8109 0.01985
319211 8109 -0.0243819
319212 8109 -0.139035
319213 8109 -0.0741893
319214 8109 0.118935
319236 8110 0.153906
319237 8110 -0.163516
319238 8110 -0.178293
319242 8110 0.071882
319243 8110 0.0103543
319244 8110 0.0437016
319254 8110 0.01985
319255 8110 1.14296
319256 8110 -0.0281473
319257 8110 -0.0619688
319258 8110 0.0871471
319259 8110 0.0310017
319281 8111 0.154752
319282 8111 -0.181672
319283 8111 -0.166255
319287 8111 -0.161411
319288 8111 0.0376354
319289 8111 -0.0632447
319299 8111 -0.0243819
319300 8111 -0.0281473
319301 8111 1.17737
319302 8111 0.123828
319303 8111 0.0254632
319304 8111 0.0557257
319323 8112 -0.101895
319324 8112 -0.202258
319325 8112 -0.0277193
319329 8112 -0.00766383
319330 8112 -0.0437069
319331 8112 0.055683
319341 8112 -0.139035
319342 8112 -0.0619688
319343 8112 0.123828
319344 8112 1.11029
319345 8112 0.0228251
319346 8112 0.00147306
319368 8113 -0.205202
319369 8113 -0.333068
319370 8113 -0.0513147
319374 8113 -0.0497985
319375 8113 -0.0954732
319376 8113 0.208845
319386 8113 -0.0741893
319387 8113 0.0871471
319388 8113 0.0254632
319389 8113 0.0228251
319390 8113 1.14906
319391 8113 -0.0496554
319413 8114 -0.050226
319414 8114 -0.0765884
319415 8114 0.0159242
319419 8114 0.0707364
319420 8114 0.192863
319421 8114 -0.325058
319431 8114 0.118935
319432 8114 0.0310017
319433 8114 0.0557257
319434 8114 0.00147306
319435 8114 -0.0496554
319436 8114 1.1752
328476 8358 -0.185756
328477 8358 -0.211353
328478 8358 -0.119252
328482 8358 -0.00629547
328483 8358 -0.0802595
328484 8358 0.0840736
328497 8358 1.14432
328498 8358 -0.00780768
328499 8358 -0.00320026
328506 8358 0.101563
328507 8358 0.0479871
328508 8358 0.000985444
328521 8359 -0.211003
328522 8359 -0.191987
328523 8359 -0.122816
328527 8359 -0.0775876
328528 8359 -0.198251
328529 8359 0.231332
328542 8359 -0.00780768
328543 8359 1.14274
328544 8359 0.00034708
328551 8359 0.0463627
328552 8359 -0.211138
328553 8359 -0.0177838
328566 8360 -0.12102
328567 8360 -0.12417
328568 8360 -0.048498
328572 8360 0.0843032
328573 8360 0.231967
328574 8360 -0.222609
328587 8360 -0.00320026
328588 8360 0.00034708
328589 8360 1.1475
328596 8360 0.0024188
328597 8360 -0.0186845
328598 8360 0.109364
329775 8388 -0.0907428
329776 8388 0.158401
329777 8388 0.0733607
329787 8388 -0.0422366
329788 8388 -0.081189
329789 8388 0.144423
329799 8388 0.912506
329800 8388 -0.0289387
329801 8388 -0.0106397
329805 8388 0.101369
329806 8388 -0.00749459
329807 8388 -0.0471019
329817 8389 0.0296907
329818 8389 -0.0692807
329819 8389 -0.0326047
329829 8389 -0.0828555
329830 8389 -0.0865201
329831 8389 0.197701
329841 8389 -0.0289387
329842 8389 0.68156
329843 8389 0.0373189
329847 8389 0.00566684
329848 8389 0.040665
329849 8389 -0.00992716
329859 8390 0.0851578
329860 8390 -0.107125
329861 8390 -0.0525164
329871 8390 0.131928
329872 8390 0.179389
329873 8390 -0.293456
329883 8390 -0.0106397
329884 8390 0.0373189
329885 8390 0.843866
329889 8390 -0.035479
329890 8390 -0.10343
329891 8390 -0.141976
332163 8442 -0.144361
332164 8442 0.112182
332165 8442 -0.14614
332175 8442 -0.127627
332176 8442 -0.214352
332177 8442 -0.0780123
332187 8442 0.101369
332188 8442 0.00566684
332189 8442 -0.035479
332193 8442 0.905258
332194 8442 -0.0325365
332195 8442 -0.0255538
332205 8443 -0.00795067
332206 8443 -0.0055964
332207 8443 0.0221706
332217 8443 -0.210091
332218 8443 -0.282881
332219 8443 -0.116815
332229 8443 -0.00749459
332230 8443 0.040665
332231 8443 -0.10343
332235 8443 -0.0325365
332236 8443 0.700743
332237 8443 0.0570124
332247 8444 -0.0722134
332248 8444 0.0505662
332249 8444 -0.0602671
332259 8444 -0.0740292
332260 8444 -0.10686
332261 8444 -0.0213211
332271 8444 -0.0471019
332272 8444 -0.00992716
332273 8444 -0.141976
332277 8444 -0.0255538
332278 8444 0.0570124
332279 8444 0.83193
338259 8604 -0.0407072
338260 8604 -0.0731914
338261 8604 0.0282949
338265 8604 -0.128071
338266 8604 0.0497087
338267 8604 0.000105183
338268 8604 0.157495
338269 8604 0.0205702
338270 8604 0.0257776
338271 8604 0.0814537
338272 8604 -0.0209441
338273 8604 -0.0795962
338277 8605 -0.0638815
338278 8605 -0.129007
338279 8605 0.044061
338283 8605 0.00102488
338284 8605 -0.0115955
338285 8605 0.00689355
338286 8605 0.0205702
338287 8605 0.175447
338288 8605 0.0322128
338289 8605 -0.0189567
338290 8605 0.0805539
338291 8605 -0.102784
338295 8606 -0.0317392
338296 8606 -0.0635935
338297 8606 0.0267602
338301 8606 -0.105228
338302 8606 0.0540076
338303 8606 0.00084329
338304 8606 0.0257776
338305 8606 0.0322128
338306 8606 0.254118
338307 8606 -0.0780201
338308 8606 -0.0940694
338309 8606 -0.162237
339321 8637 0.0162168
339322 8637 -0.0532333
339323 8637 0.0876961
339333 8637 -0.129699
339334 8637 0.150397
339335 8637 0.168817
339345 8637 0.0814537
339346 8637 -0.0189567
339347 8637 -0.0780201
339351 8637 1.12756
339352 8637 0.0073972
339353 8637 -0.00822631
339366 8638 -0.043935
339367 8638 -0.0989554
339368 8638 0.209246
339378 8638 0.159651
339379 8638 -0.136151
339380 8638 -0.174975
339390 8638 -0.0209441
339391 8638 0.0805539
339392 8638 -0.0940694
339396 8638 0.0073972
339397 8638 1.15159
339398 8638 -0.0146775
339411 8639 0.0805897
339412 8639 0.207723
339413 8639 -0.344223
339423 8639 0.172137
339424 8639 -0.156154
339425 8639 -0.159507
339435 8639 -0.0795962
339436 8639 -0.102784
339437 8639 -0.162237
339441 8639 -0.00822631
339442 8639 -0.0146775
339443 8639 1.15541
342756 8718 -0.304019
342757 8718 0.198717
342758 8718 -0.126096
342762 8718 -0.0588439
342763 8718 0.096638
342764 8718 0.156191
342780 8718 0.101563
342781 8718 0.0463627
342782 8718 0.0024188
342789 8718 1.14408
342790 8718 -0.0110392
342791 8718 -0.00619715
342801 8719 0.196787
342802 8719 -0.0970523
342803 8719 0.075711
342807 8719 0.0977374
342808 8719 -0.0909564
342809 8719 -0.187277
342825 8719 0.0479871
342826 8719 -0.211138
342827 8719 -0.0186845
342834 8719 -0.0110392
342835 8719 1.13864
342836 8719 0.00135581
342846 8720 -0.121455
342847 8720 0.0738814
342848 8720 -0.025558
342852 8720 0.15543
342853 8720 -0.184842
342854 8720 -0.277649
342870 8720 0.000985444
342871 8720 -0.0177838
342872 8720 0.109364
342879 8720 -0.00619715
342880 8720 0.00135581
342881 8720 1.15183
350244 8892 -0.0311239
350245 8892 -0.127374
350246 8892 -0.110293
350256 8892 -0.185193
350257 8892 0.0300442
350258 8892 -0.310765
350268 8892 1.13685
350269 8892 0.0410287
350270 8892 0.157358
350274 8892 0.103818
350275 8892 0.00786469
350276 8892 -0.0654613
350289 8893 -0.123942
350290 8893 -0.272661
350291 8893 -0.255571
350301 8893 -0.0316616
350302 8893 0.0316813
350303 8893 0.0449459
350313 8893 0.0410287
350314 8893 1.19499
350315 8893 0.0779285
350319 8893 0.136812
350320 8893 0.0716813
350321 8893 -0.128217
350334 8894 -0.049319
350335 8894 -0.145164
350336 8894 -0.0819267
350346 8894 -0.175002
350347 8894 0.092857
350348 8894 -0.278859
350358 8894 0.157358
350359 8894 0.0779285
350360 8894 1.10271
350364 8894 0.15767
350365 8894 0.0269253
350366 8894 -0.121279
352029 8937 -0.19358
352030 8937 -0.233414
352031 8937 0.135496
352038 8937 -0.19497
352039 8937 0.142431
352040 8937 -0.0231549
352044 8937 0.103818
352045 8937 0.136812
352046 8937 0.15767
352047 8937 0.481222
352048 8937 0.197454
352049 8937 -0.191245
352056 8938 -0.218959
352057 8938 -0.191763
352058 8938 0.121921
352065 8938 0.0139533
352066 8938 -0.00959948
352067 8938 0.00495964
352071 8938 0.00786469
352072 8938 0.0716813
352073 8938 0.0269253
352074 8938 0.197454
352075 8938 0.401631
352076 8938 -0.0939459
352083 8939 0.0908953
352084 8939 0.0978869
352085 8939 -0.0368748
352092 8939 0.0621042
352093 8939 -0.0617779
352094 8939 -0.000992806
352098 8939 -0.0654613
352099 8939 -0.128217
352100 8939 -0.121279
352101 8939 -0.191245
352102 8939 -0.0939459
352103 8939 0.273706
362211 9195 -0.128512
362212 9195 0.203045
362213 9195 0.1058
362217 9195 -0.249262
362218 9195 0.0691174
362219 9195 -0.223978
362229 9195 1.12621
362230 9195 -0.0193196
362231 9195 -0.044454
362238 9195 0.0998213
362239 9195 0.0354536
362240 9195 -0.0312093
362256 9196 0.216655
362257 9196 -0.269096
362258 9196 -0.126914
362262 9196 0.0585703
362263 9196 0.0124924
362264 9196 0.051976
362274 9196 -0.0193196
362275 9196 1.13891
362276 9196 0.00900915
362283 9196 0.0174545
362284 9196 -0.129648
362285 9196 0.135834
362301 9197 0.0944774
362302 9197 -0.122199
362303 9197 -0.0446963
362307 9197 -0.236471
362308 9197 0.0654681
362309 9197 -0.186778
362319 9197 -0.044454
362320 9197 0.00900915
362321 9197 1.16943
362328 9197 -0.0296548
362329 9197 0.150054
362330 9197 0.0316903
375582 9537 -0.0467061
375583 9537 -0.0524131
375584 9537 0.188284
375588 9537 -0.143116
375589 9537 -0.235392
375590 9537 -0.0385695
375603 9537 0.0998213
375604 9537 0.0174545
375605 9537 -0.0296548
375612 9537 1.13689
375613 9537 -0.00668914
375614 9537 -0.0551293
375627 9538 -0.0487677
375628 9538 -0.00245471
375629 9538 0.0830024
375633 9538 -0.23718
375634 9538 -0.294419
375635 9538 -0.0570083
375648 9538 0.0354536
375649 9538 -0.129648
375650 9538 0.150054
375657 9538 -0.00668914
375658 9538 1.18013
375659 9538 0.022915
375672 9539 0.17465
375673 9539 0.114635
375674 9539 -0.362381
375678 9539 -0.022433
375679 9539 -0.0352497
375680 9539 0.0122631
375693 9539 -0.0312093
375694 9539 0.135834
375695 9539 0.0316903
375702 9539 -0.0551293
375703 9539 0.022915
375704 9539 1.11754
383373 9750 0
383374 9750 0
383375 9750 0
383379 9750 0
383380 9750 0
383381 9750 0
383388 9750 0.489183
383389 9750 -0.042566
383390 9750 -0.0527148
383391 9750 -0.0149852
383392 9750 -0.032122
383393 9750 0.16002
383406 9751 0
383407 9751 0
383408 9751 0
383412 9751 0
383413 9751 0
383414 9751 0
383421 9751 -0.042566
383422 9751 0.57068
383423 9751 -0.05394
383424 9751 -0.0341139
383425 9751 0.0995705
383426 9751 0.0250887
383439 9752 0
383440 9752 0
383441 9752 0
383445 9752 0
383446 9752 0
383447 9752 0
383454 9752 -0.0527148
383455 9752 -0.05394
383456 9752 0.666195
383457 9752 0.161928
383458 9752 0.0144858
383459 9752 -0.0550204
383469 9753 0
383470 9753 0
383471 9753 0
383481 9753 0
383482 9753 0
383483 9753 0
383493 9753 -0.0149852
383494 9753 -0.0341139
383495 9753 0.161928
383496 9753 1.05928
383497 9753 -0.0296601
383498 9753 0.0342452
383514 9754 0
383515 9754 0
383516 9754 0
383526 9754 0
383527 9754 0
383528 9754 0
383538 9754 -0.032122
383539 9754 0.0995705
383540 9754 0.0144858
383541 9754 -0.0296601
383542 9754 1.11021
383543 9754 0.0156327
383559 9755 0
383560 9755 0
383561 9755 0
383571 9755 0
383572 9755 0
383573 9755 0
383583 9755 0.16002
383584 9755 0.0250887
383585 9755 -0.0550204
383586 9755 0.0342452
383587 9755 0.0156327
383588 9755 1.26506
387003 9834 0
387004 9834 0
387005 9834 0
387006 9834 0
387007 9834 0
387008 9834 0
387018 9834 1
387019 9834 0
387020 9834 0
387021 9834 0
387022 9834 0
387023 9834 0
387027 9835 0
387028 9835 0
387029 9835 0
387030 9835 0
387031 9835 0
387032 9835 0
387042 9835 0
387043 9835 1
387044 9835 0
387045 9835 0
387046 9835 0
387047 9835 0
387051 9836 0
387052 9836 0
387053 9836 0
387054 9836 0
387055 9836 0
387056 9836 0
387066 9836 0
387067 9836 0
387068 9836 1
387069 9836 0
387070 9836 0
387071 9836 0
387072 9837 0
387073 9837 0
387074 9837 0
387075 9837 -0.0785573
387076 9837 -0.0154702
387077 9837 0.178836
387078 9837 0
387079 9837 0
387080 9837 0
387087 9837 -0.121647
387088 9837 0.206765
387089 9837 0.0591189
387099 9837 0
387100 9837 0
387101 9837 0
387102 9837 0.608578
387103 9837 0.0364679
387104 9837 -0.101786
387105 9837 -0.204877
387106 9837 0.00978803
387107 9837 0.050871
387114 9838 0
387115 9838 0
387116 9838 0
387117 9838 -0.0259063
387118 9838 0.012755
387119 9838 0.0343793
387120 9838 0
387121 9838 0
387122 9838 0
387129 9838 0.207287
387130 9838 -0.311991
387131 9838 -0.0882009
387141 9838 0
387142 9838 0
387143 9838 0
387144 9838 0.0364679
387145 9838 0.812581
387146 9838 0.00752695
387147 9838 0.0199217
387148 9838 0.10565
387149 9838 -0.0041897
387156 9839 0
387157 9839 0
387158 9839 0
387159 9839 0.215113
387160 9839 0.0209815
387161 9839 -0.357217
387162 9839 0
387163 9839 0
387164 9839 0
387171 9839 0.123897
387172 9839 -0.148699
387173 9839 0.00807582
387183 9839 0
387184 9839 0
387185 9839 0
387186 9839 -0.101786
387187 9839 0.00752695
387188 9839 1.15915
387189 9839 0.0591239
387190 9839 -0.00240803
387191 9839 0.0987682
387198 9840 -0.228378
387199 9840 0.0635899
387200 9840 -0.262557
387210 9840 -0.167042
387211 9840 -0.256528
387212 9840 -0.0140075
387228 9840 -0.204877
387229 9840 0.0199217
387230 9840 0.0591239
387231 9840 1.16949
387232 9840 0.00698712
387233 9840 -0.00257172
387243 9841 0.057667
387244 9841 0.00994933
387245 9841 0.0647749
387255 9841 -0.230682
387256 9841 -0.282116
387257 9841 -0.0230272
387273 9841 0.00978803
387274 9841 0.10565
387275 9841 -0.00240803
387276 9841 0.00698712
387277 9841 1.13559
387278 9841 -0.00237003
387288 9842 -0.221685
387289 9842 0.0534146
387290 9842 -0.216458
387300 9842 -0.0104383
387301 9842 -0.0273845
387302 9842 0.0230225
387318 9842 0.050871
387319 9842 -0.0041897
387320 9842 0.0987682
387321 9842 -0.00257172
387322 9842 -0.00237003
387323 9842 1.12947
