8139 246 0.566154
8140 246 0.00390343
8141 246 -0.00315195
8142 246 -0.0738469
8143 246 -0.0910519
8144 246 0.0913685
8160 246 -0.0472613
8161 246 0.0436903
8162 246 0.137539
8166 246 -0.360792
8167 246 0.151185
8168 246 -0.137509
8172 247 0.00390343
8173 247 0.506455
8174 247 -0.0540891
8175 247 -0.00237185
8176 247 0.0377891
8177 247 0.016533
8193 247 0.0215894
8194 247 -0.0344321
8195 247 -0.0716137
8199 247 0.148825
8200 247 -0.0371041
8201 247 0.0522875
8205 248 -0.00315195
8206 248 -0.0540891
8207 248 0.511074
8208 248 0.00493894
8209 248 0.0182338
8210 248 0.0376103
8226 248 0.02546
8227 248 -0.0215786
8228 248 -0.0599903
8232 248 -0.140427
8233 248 0.0555641
8234 248 -0.0283637
8235 249 -0.0738469
8236 249 -0.00237185
8237 249 0.00493894
8238 249 0.563036
8239 249 -0.0024944
8240 249 -0.00102034
8256 249 -0.049378
8257 249 -0.0461407
8258 249 -0.0441506
8262 249 0.0121366
8263 249 -0.0465735
8264 249 0.0458324
8268 250 -0.0910519
8269 250 0.0377891
8270 250 0.0182338
8271 250 -0.0024944
8272 250 0.51136
8273 250 -0.0534943
8289 250 -0.0807009
8290 250 -0.104494
8291 250 -0.1006
8295 250 -0.0500676
8296 250 -0.225099
8297 250 0.241155
8301 251 0.0913685
8302 251 0.016533
8303 251 0.0376103
8304 251 -0.00102034
8305 251 -0.0534943
8306 251 0.509287
8322 251 0.0107637
8323 251 0.00539769
8324 251 0.0117506
8328 251 0.0496676
8329 251 0.241154
8330 251 -0.214763
54225 1365 1.14312
54226 1365 -0.00155984
54227 1365 -0.000970369
54234 1365 0.0783749
54235 1365 0.0925734
54236 1365 0.0109899
54255 1365 0.00846508
54256 1365 -0.0726367
54257 1365 0.0608937
54258 1365 -0.348647
54259 1365 0.15844
54260 1365 -0.136445
54270 1366 -0.00155984
54271 1366 1.14457
54272 1366 0.00403863
54279 1366 0.0976184
54280 1366 -0.182867
54281 1366 -0.0337984
54300 1366 -0.0731569
54301 1366 -0.246843
54302 1366 0.233405
54303 1366 0.160109
54304 1366 -0.0488705
54305 1366 0.0585066
54315 1367 -0.000970369
54316 1367 0.00403863
54317 1367 1.14686
54324 1367 0.0121909
54325 1367 -0.0357446
54326 1367 0.105949
54345 1367 0.0664571
54346 1367 0.241027
54347 1367 -0.189646
54348 1367 -0.138502
54349 1367 0.0604533
54350 1367 -0.0306161
68949 1731 0.0783749
68950 1731 0.0976184
68951 1731 0.0121909
68958 1731 0.77531
68959 1731 -0.0245073
68960 1731 0.0125963
68970 1731 -0.057446
68971 1731 0.0358719
68972 1731 0.143196
68973 1731 -0.0609458
68974 1731 -0.0999379
68975 1731 -0.114132
68985 1732 0.0925734
68986 1732 -0.182867
68987 1732 -0.0357446
68994 1732 -0.0245073
68995 1732 0.618677
68996 1732 0.0177595
69006 1732 0.0496157
69007 1732 -0.0202238
69008 1732 -0.124631
69009 1732 -0.13923
69010 1732 -0.141177
69011 1732 -0.160586
69021 1733 0.0109899
69022 1733 -0.0337984
69023 1733 0.105949
69030 1733 0.0125963
69031 1733 0.0177595
69032 1733 0.616821
69042 1733 0.0592403
69043 1733 -0.00575928
69044 1733 -0.135455
69045 1733 -0.0614993
69046 1733 -0.0536973
69047 1733 -0.0844844
103743 2607 1
103744 2607 0
103745 2607 0
103746 2607 0
103747 2607 0
103748 2607 0
103758 2607 0
103759 2607 0
103760 2607 0
103770 2607 0
103771 2607 0
103772 2607 0
103788 2608 0
103789 2608 1
103790 2608 0
103791 2608 0
103792 2608 0
103793 2608 0
103803 2608 0
103804 2608 0
103805 2608 0
103815 2608 0
103816 2608 0
103817 2608 0
103833 2609 0
103834 2609 0
103835 2609 1
103836 2609 0
103837 2609 0
103838 2609 0
103848 2609 0
103849 2609 0
103850 2609 0
103860 2609 0
103861 2609 0
103862 2609 0
103875 2610 0
103876 2610 0
103877 2610 0
103878 2610 1.20639
103879 2610 -0.112163
103880 2610 0.151715
103890 2610 -0.280951
103891 2610 0.216743
103892 2610 -0.114237
103902 2610 -0.157132
103903 2610 -0.224421
103904 2610 -0.0764182
103920 2611 0
103921 2611 0
103922 2611 0
103923 2611 -0.112163
103924 2611 1.02758
103925 2611 0.0995181
103935 2611 0.187939
103936 2611 -0.113651
103937 2611 0.0867034
103947 2611 -0.128692
103948 2611 -0.141857
103949 2611 -0.0151622
103965 2612 0
103966 2612 0
103967 2612 0
103968 2612 0.151715
103969 2612 0.0995181
103970 2612 1.20058
103980 2612 -0.0930328
103981 2612 0.0946064
103982 2612 -0.0318862
103992 2612 -0.247051
103993 2612 -0.243792
103994 2612 -0.102577
213210 5394 -0.0472613
213211 5394 0.0215894
213212 5394 0.02546
213213 5394 -0.049378
213214 5394 -0.0807009
213215 5394 0.0107637
213222 5394 0.169369
213223 5394 0.00183323
213224 5394 0.033299
213225 5394 0.0728485
213226 5394 -0.00400338
213227 5394 -0.101228
213228 5395 0.0436903
213229 5395 -0.0344321
213230 5395 -0.0215786
213231 5395 -0.0461407
213232 5395 -0.104494
213233 5395 0.00539769
213240 5395 0.00183323
213241 5395 0.159595
213242 5395 0.00340694
213243 5395 -0.00295489
213244 5395 0.109476
213245 5395 -0.0123474
213246 5396 0.137539
213247 5396 -0.0716137
213248 5396 -0.0599903
213249 5396 -0.0441506
213250 5396 -0.1006
213251 5396 0.0117506
213258 5396 0.033299
213259 5396 0.00340694
213260 5396 0.258096
213261 5396 -0.104238
213262 5396 -0.0125238
213263 5396 -0.182286
214308 5424 -0.360792
214309 5424 0.148825
214310 5424 -0.140427
214311 5424 0.0121366
214312 5424 -0.0500676
214313 5424 0.0496676
214335 5424 0.0728485
214336 5424 -0.00295489
214337 5424 -0.104238
214341 5424 1.14532
214342 5424 -0.000721737
214343 5424 0.00144516
214353 5425 0.151185
214354 5425 -0.0371041
214355 5425 0.0555641
214356 5425 -0.0465735
214357 5425 -0.225099
214358 5425 0.241154
214380 5425 -0.00400338
214381 5425 0.109476
214382 5425 -0.0125238
214386 5425 -0.000721737
214387 5425 1.14398
214388 5425 0.00205769
214398 5426 -0.137509
214399 5426 0.0522875
214400 5426 -0.0283637
214401 5426 0.0458324
214402 5426 0.241155
214403 5426 -0.214763
214425 5426 -0.101228
214426 5426 -0.0123474
214427 5426 -0.182286
214431 5426 0.00144516
214432 5426 0.00205769
214433 5426 1.14525
263838 6666 0.00846508
263839 6666 -0.0731569
263840 6666 0.0664571
263850 6666 -0.057446
263851 6666 0.0496157
263852 6666 0.0592403
263862 6666 0.56949
263863 6666 -0.00827707
263864 6666 -0.00499005
263865 6666 -0.0805899
263866 6666 0.000755921
263867 6666 0.000369936
263871 6667 -0.0726367
263872 6667 -0.246843
263873 6667 0.241027
263883 6667 0.0358719
263884 6667 -0.0202238
263885 6667 -0.00575928
263895 6667 -0.00827707
263896 6667 0.585661
263897 6667 -0.0147052
263898 6667 -0.09144
263899 6667 0.0408651
263900 6667 0.0147634
263904 6668 0.0608937
263905 6668 0.233405
263906 6668 -0.189646
263916 6668 0.143196
263917 6668 -0.124631
263918 6668 -0.135455
263928 6668 -0.00499005
263929 6668 -0.0147052
263930 6668 0.570906
263931 6668 0.0810119
263932 6668 0.0148009
263933 6668 0.0425662
263934 6669 -0.348647
263935 6669 0.160109
263936 6669 -0.138502
263946 6669 -0.0609458
263947 6669 -0.13923
263948 6669 -0.0614993
263961 6669 -0.0805899
263962 6669 -0.09144
263963 6669 0.0810119
263964 6669 0.856553
263965 6669 -0.0508948
263966 6669 -0.021707
263973 6670 0.15844
263974 6670 -0.0488705
263975 6670 0.0604533
263985 6670 -0.0999379
263986 6670 -0.141177
263987 6670 -0.0536973
264000 6670 0.000755921
264001 6670 0.0408651
264002 6670 0.0148009
264003 6670 -0.0508948
264004 6670 0.71362
264005 6670 0.0827605
264012 6671 -0.136445
264013 6671 0.0585066
264014 6671 -0.0306161
264024 6671 -0.114132
264025 6671 -0.160586
264026 6671 -0.0844844
264039 6671 0.000369936
264040 6671 0.0147634
264041 6671 0.0425662
264042 6671 -0.021707
264043 6671 0.0827605
264044 6671 0.725383
298557 7569 0
298558 7569 0
298559 7569 0
298560 7569 -0.280951
298561 7569 0.187939
298562 7569 -0.0930328
298572 7569 1.06568
298573 7569 -0.0518806
298574 7569 -0.0102094
298581 7569 0.0901619
298582 7569 0.032369
298583 7569 -0.00519587
298602 7570 0
298603 7570 0
298604 7570 0
298605 7570 0.216743
298606 7570 -0.113651
298607 7570 0.0946064
298617 7570 -0.0518806
298618 7570 1.22083
298619 7570 -0.142445
298626 7570 0.054092
298627 7570 -0.193466
298628 7570 0.00395595
298647 7571 0
298648 7571 0
298649 7571 0
298650 7571 -0.114237
298651 7571 0.0867034
298652 7571 -0.0318862
298662 7571 -0.0102094
298663 7571 -0.142445
298664 7571 1.14804
298671 7571 -0.00858798
298672 7571 0.0317312
298673 7571 0.129483
309705 7857 0
309706 7857 0
309707 7857 0
309708 7857 -0.157132
309709 7857 -0.128692
309710 7857 -0.247051
309723 7857 0.0901619
309724 7857 0.054092
309725 7857 -0.00858798
309732 7857 1.19481
309733 7857 0.0572058
309734 7857 0.0868777
309750 7858 0
309751 7858 0
309752 7858 0
309753 7858 -0.224421
309754 7858 -0.141857
309755 7858 -0.243792
309768 7858 0.032369
309769 7858 -0.193466
309770 7858 0.0317312
309777 7858 0.0572058
309778 7858 1.11456
309779 7858 0.0876915
309795 7859 0
309796 7859 0
309797 7859 0
309798 7859 -0.0764182
309799 7859 -0.0151622
309800 7859 -0.102577
309813 7859 -0.00519587
309814 7859 0.00395595
309815 7859 0.129483
309822 7859 0.0868777
309823 7859 0.0876915
309824 7859 1.12519
