70857 1779 0.924312
70858 1779 0.00619096
70859 1779 -0.002291
70863 1779 0.0717661
70864 1779 0.0806999
70865 1779 -0.0134218
70878 1779 -0.0860227
70879 1779 -0.167722
70880 1779 -0.127269
70884 1779 -0.0142529
70885 1779 -0.0469071
70886 1779 0.0573519
70899 1780 0.00619096
70900 1780 0.904487
70901 1780 0.0804214
70905 1780 0.0986237
70906 1780 -0.126098
70907 1780 0.00683253
70920 1780 -0.162416
70921 1780 -0.216314
70922 1780 -0.182107
70926 1780 -0.0203806
70927 1780 -0.113861
70928 1780 0.125625
70941 1781 -0.002291
70942 1781 0.0804214
70943 1781 0.751507
70947 1781 0.0222652
70948 1781 -0.0740316
70949 1781 0.0512321
70962 1781 -0.129809
70963 1781 -0.185735
70964 1781 -0.124023
70968 1781 0.00639611
70969 1781 0.0160785
70970 1781 -0.0139672
83466 2100 0.0717661
83467 2100 0.0986237
83468 2100 0.0222652
83475 2100 0.78701
83476 2100 -0.0723411
83477 2100 -0.0472498
83484 2100 -0.33273
83485 2100 0.15493
83486 2100 -0.160035
83490 2100 -0.0672254
83491 2100 0.0270766
83492 2100 0.139783
83505 2101 0.0806999
83506 2101 -0.126098
83507 2101 -0.0740316
83514 2101 -0.0723411
83515 2101 0.619581
83516 2101 0.0159853
83523 2101 0.14883
83524 2101 -0.0490121
83525 2101 0.0692565
83529 2101 0.0244994
83530 2101 -0.0277809
83531 2101 -0.0644463
83544 2102 -0.0134218
83545 2102 0.00683253
83546 2102 0.0512321
83553 2102 -0.0472498
83554 2102 0.0159853
83555 2102 0.604216
83562 2102 -0.152209
83563 2102 0.0678268
83564 2102 -0.0450017
83568 2102 0.0274317
83569 2102 -0.0137077
83570 2102 -0.0481227
84615 2130 0.827507
84616 2130 0.00758281
84617 2130 -0.0612739
84618 2130 -0.128091
84619 2130 -0.0727516
84620 2130 0.0959759
84630 2130 -0.0135184
84631 2130 -0.0466389
84632 2130 0.0673085
84636 2130 -0.13226
84637 2130 -0.189559
84638 2130 -0.133327
84657 2131 0.00758281
84658 2131 0.895527
84659 2131 0.0673583
84660 2131 -0.0613454
84661 2131 0.0891271
84662 2131 0.0344063
84672 2131 -0.0107068
84673 2131 -0.103349
84674 2131 0.124101
84678 2131 -0.188861
84679 2131 -0.20645
84680 2131 -0.16133
84699 2132 -0.0612739
84700 2132 0.0673583
84701 2132 0.714897
84702 2132 0.0108789
84703 2132 0.0140884
84704 2132 0.040196
84714 2132 0.00941616
84715 2132 0.0230771
84716 2132 -0.0273008
84720 2132 -0.126492
84721 2132 -0.156919
84722 2132 -0.0902414
84738 2133 -0.128091
84739 2133 -0.0613454
84740 2133 0.0108789
84741 2133 0.485242
84742 2133 -0.012335
84743 2133 -0.047138
84750 2133 -0.124042
84751 2133 0.0522053
84752 2133 -0.083506
84753 2133 -0.101001
84754 2133 0.0825876
84755 2133 0.195352
84771 2134 -0.0727516
84772 2134 0.0891271
84773 2134 0.0140884
84774 2134 -0.012335
84775 2134 0.562436
84776 2134 -0.00985603
84783 2134 0.0612133
84784 2134 -0.0418472
84785 2134 0.04772
84786 2134 0.0875638
84787 2134 -0.0399499
84788 2134 -0.13862
84804 2135 0.0959759
84805 2135 0.0344063
84806 2135 0.040196
84807 2135 -0.047138
84808 2135 -0.00985603
84809 2135 0.536006
84816 2135 0.0252407
84817 2135 -0.011064
84818 2135 0.0226876
84819 2135 0.195938
84820 2135 -0.135874
84821 2135 -0.285302
88101 2214 1.14804
88102 2214 -0.00189369
88103 2214 0.00338845
88104 2214 -0.159899
88105 2214 -0.0914559
88106 2214 0.0867732
88116 2214 0.00542719
88117 2214 -0.0689472
88118 2214 0.0538921
88122 2214 -0.128457
88123 2214 -0.188773
88124 2214 -0.13324
88146 2215 -0.00189369
88147 2215 1.14257
88148 2215 -0.00138248
88149 2215 -0.0911895
88150 2215 0.0783935
88151 2215 0.0298962
88161 2215 -0.0709774
88162 2215 -0.267909
88163 2215 0.228616
88167 2215 -0.188384
88168 2215 -0.208066
88169 2215 -0.16441
88191 2216 0.00338845
88192 2216 -0.00138248
88193 2216 1.14394
88194 2216 0.0864122
88195 2216 0.0296484
88196 2216 0.0820628
88206 2216 0.0583157
88207 2216 0.232186
88208 2216 -0.164924
88212 2216 -0.126895
88213 2216 -0.159597
88214 2216 -0.0916228
88230 2217 -0.159899
88231 2217 -0.0911895
88232 2217 0.0864122
88233 2217 0.48059
88234 2217 -0.0158274
88235 2217 -0.044564
88242 2217 -0.172727
88243 2217 0.11478
88244 2217 -0.127608
88245 2217 -0.0967071
88246 2217 0.0756738
88247 2217 0.194366
88263 2218 -0.0914559
88264 2218 0.0783935
88265 2218 0.0296484
88266 2218 -0.0158274
88267 2218 0.56107
88268 2218 -0.00909899
88275 2218 0.0629177
88276 2218 -0.0323884
88277 2218 0.0384931
88278 2218 0.0782743
88279 2218 -0.0289753
88280 2218 -0.130863
88296 2219 0.0867732
88297 2219 0.0298962
88298 2219 0.0820628
88299 2219 -0.044564
88300 2219 -0.00909899
88301 2219 0.542023
88308 2219 0.00824661
88309 2219 0.0185216
88310 2219 -0.00775303
88311 2219 0.197158
88312 2219 -0.127045
88313 2219 -0.301734
92628 2322 1.11407
92629 2322 0.0364068
92630 2322 0.00307856
92637 2322 0
92638 2322 0
92639 2322 0
92658 2322 0.00480994
92659 2322 -0.0884657
92660 2322 0.0767088
92661 2322 -0.142887
92662 2322 0.2294
92663 2322 -0.0665745
92673 2323 0.0364068
92674 2323 1.15936
92675 2323 -0.0395521
92682 2323 0
92683 2323 0
92684 2323 0
92703 2323 -0.0486124
92704 2323 -0.260462
92705 2323 0.244416
92706 2323 0.219911
92707 2323 -0.279375
92708 2323 0.105217
92718 2324 0.00307856
92719 2324 -0.0395521
92720 2324 1.16112
92727 2324 0
92728 2324 0
92729 2324 0
92748 2324 0.0267017
92749 2324 0.183656
92750 2324 -0.143946
92751 2324 -0.054269
92752 2324 0.0858931
92753 2324 0.00343259
93384 2340 1.15319
93385 2340 -0.00138609
93386 2340 0.00155388
93387 2340 -0.153498
93388 2340 -0.10247
93389 2340 0.0811998
93399 2340 0.0140389
93400 2340 -0.0559612
93401 2340 0.0412369
93405 2340 -0.0895345
93406 2340 -0.178757
93407 2340 -0.114544
93429 2341 -0.00138609
93430 2341 1.14026
93431 2341 -0.00281382
93432 2341 -0.104147
93433 2341 0.0684297
93434 2341 0.0331617
93444 2341 -0.0630409
93445 2341 -0.274535
93446 2341 0.232897
93450 2341 -0.177444
93451 2341 -0.245932
93452 2341 -0.17792
93474 2342 0.00155388
93475 2342 -0.00281382
93476 2342 1.1411
93477 2342 0.0808241
93478 2342 0.0329995
93479 2342 0.084341
93489 2342 0.0471886
93490 2342 0.234619
93491 2342 -0.163424
93495 2342 -0.10998
93496 2342 -0.174358
93497 2342 -0.0945183
93516 2343 -0.153498
93517 2343 -0.104147
93518 2343 0.0808241
93519 2343 1.15069
93520 2343 -0.000213322
93521 2343 -0.00114083
93531 2343 -0.361257
93532 2343 0.158555
93533 2343 -0.134243
93537 2343 -0.115342
93538 2343 0.0732736
93539 2343 0.205557
93561 2344 -0.10247
93562 2344 0.0684297
93563 2344 0.0329995
93564 2344 -0.000213322
93565 2344 1.14177
93566 2344 8.63691e-05
93576 2344 0.155974
93577 2344 -0.0437731
93578 2344 0.0552162
93582 2344 0.0791828
93583 2344 -0.0214869
93584 2344 -0.124068
93606 2345 0.0811998
93607 2345 0.0331617
93608 2345 0.084341
93609 2345 -0.00114083
93610 2345 8.63691e-05
93611 2345 1.1421
93621 2345 -0.12664
93622 2345 0.0516743
93623 2345 -0.0224123
93627 2345 0.211867
93628 2345 -0.112871
93629 2345 -0.287429
93996 2355 0.827767
93997 2355 -0.104636
93998 2355 -0.0702282
94002 2355 0
94003 2355 0
94004 2355 0
94017 2355 -0.187482
94018 2355 -0.128319
94019 2355 -0.133967
94023 2355 -0.0721947
94024 2355 -0.00221371
94025 2355 -0.0229178
94038 2356 -0.104636
94039 2356 0.77176
94040 2356 0.0776475
94044 2356 0
94045 2356 0
94046 2356 0
94059 2356 -0.0105422
94060 2356 -0.0572066
94061 2356 0.041801
94065 2356 -0.0104814
94066 2356 -0.0827998
94067 2356 0.0503087
94080 2357 -0.0702282
94081 2357 0.0776475
94082 2357 0.838404
94086 2357 0
94087 2357 0
94088 2357 0
94101 2357 -0.268898
94102 2357 -0.173893
94103 2357 -0.151957
94107 2357 0.0958285
94108 2357 0.11979
94109 2357 -0.0653176
97821 2460 1.16059
97822 2460 -0.0219615
97823 2460 0.0231579
97827 2460 0
97828 2460 0
97829 2460 0
97842 2460 -0.216692
97843 2460 -0.215149
97844 2460 -0.095927
97854 2460 -0.328546
97855 2460 0.0907739
97856 2460 -0.195107
97866 2461 -0.0219615
97867 2461 1.12197
97868 2461 -0.032065
97872 2461 0
97873 2461 0
97874 2461 0
97887 2461 -0.22247
97888 2461 -0.206865
97889 2461 -0.100276
97899 2461 0.132929
97900 2461 -0.0337538
97901 2461 0.0669139
97911 2462 0.0231579
97912 2462 -0.032065
97913 2462 1.15199
97917 2462 0
97918 2462 0
97919 2462 0
97932 2462 -0.076094
97933 2462 -0.0569505
97934 2462 0.00927345
97944 2462 -0.180614
97945 2462 0.0548195
97946 2462 -0.0662736
99279 2496 1.14345
99280 2496 -0.0031156
99281 2496 0.000641106
99285 2496 0.066715
99286 2496 0.0075994
99287 2496 -0.109256
99300 2496 -0.139128
99301 2496 -0.194053
99302 2496 -0.127388
99312 2496 -0.351378
99313 2496 0.180507
99314 2496 -0.107063
99324 2497 -0.0031156
99325 2497 1.14321
99326 2497 0.000228019
99330 2497 0.00644573
99331 2497 0.108452
99332 2497 0.0188625
99345 2497 -0.193964
99346 2497 -0.20821
99347 2497 -0.153495
99357 2497 0.181252
99358 2497 -0.0654622
99359 2497 0.0526303
99369 2498 0.000641106
99370 2498 0.000228019
99371 2498 1.14789
99375 2498 -0.111287
99376 2498 0.0166144
99377 2498 -0.175188
99390 2498 -0.126749
99391 2498 -0.150397
99392 2498 -0.0793756
99402 2498 -0.110953
99403 2498 0.0542117
99404 2498 -0.00968821
99768 2508 0
99769 2508 0
99770 2508 0
99774 2508 1
99775 2508 0
99776 2508 0
99789 2508 0
99790 2508 0
99791 2508 0
99801 2508 0
99802 2508 0
99803 2508 0
99813 2509 0
99814 2509 0
99815 2509 0
99819 2509 0
99820 2509 1
99821 2509 0
99834 2509 0
99835 2509 0
99836 2509 0
99846 2509 0
99847 2509 0
99848 2509 0
99858 2510 0
99859 2510 0
99860 2510 0
99864 2510 0
99865 2510 0
99866 2510 1
99879 2510 0
99880 2510 0
99881 2510 0
99891 2510 0
99892 2510 0
99893 2510 0
101226 2544 0.066715
101227 2544 0.00644573
101228 2544 -0.111287
101232 2544 1.15072
101233 2544 -0.000172826
101234 2544 -0.00122568
101247 2544 0.0102262
101248 2544 -0.0591092
101249 2544 0.0480052
101259 2544 -0.0780855
101260 2544 0.0788491
101261 2544 0.185089
101271 2545 0.0075994
101272 2545 0.108452
101273 2545 0.0166144
101277 2545 -0.000172826
101278 2545 1.13762
101279 2545 -0.001238
101292 2545 -0.0625074
101293 2545 -0.263429
101294 2545 0.231921
101304 2545 0.0756883
101305 2545 -0.0366622
101306 2545 -0.136304
101316 2546 -0.109256
101317 2546 0.0188625
101318 2546 -0.175188
101322 2546 -0.00122568
101323 2546 -0.001238
101324 2546 1.14622
101337 2546 0.0525172
101338 2546 0.238395
101339 2546 -0.174735
101349 2546 0.180718
101350 2546 -0.140388
101351 2546 -0.309956
102267 2568 1.14067
102268 2568 -0.00539604
102269 2568 0.0181939
102270 2568 -0.172687
102271 2568 -0.0859989
102272 2568 0.0836669
102282 2568 -0.0242284
102283 2568 -0.0929305
102284 2568 0.0862034
102288 2568 -0.151127
102289 2568 -0.159244
102290 2568 -0.15248
102312 2569 -0.00539604
102313 2569 1.14835
102314 2569 0.0121028
102315 2569 -0.0778483
102316 2569 0.0842523
102317 2569 0.019674
102327 2569 -0.0729898
102328 2569 -0.209472
102329 2569 0.212946
102333 2569 -0.1775
102334 2569 -0.173367
102335 2569 -0.171751
102357 2570 0.0181939
102358 2570 0.0121028
102359 2570 1.14553
102360 2570 0.0702443
102361 2570 0.0220792
102362 2570 0.0898008
102372 2570 0.0753796
102373 2570 0.226778
102374 2570 -0.190799
102378 2570 -0.13628
102379 2570 -0.135384
102380 2570 -0.114538
102393 2571 -0.172687
102394 2571 -0.0778483
102395 2571 0.0702443
102396 2571 0.262256
102397 2571 0.0397236
102398 2571 -0.0380807
102399 2571 -0.0889002
102400 2571 0.116742
102401 2571 -0.098926
102402 2571 -0.0107745
102403 2571 0.0767154
102404 2571 0.105667
102411 2572 -0.0859989
102412 2572 0.0842523
102413 2572 0.0220792
102414 2572 0.0397236
102415 2572 0.158435
102416 2572 -0.0118378
102417 2572 0.0211919
102418 2572 -0.0292965
102419 2572 0.0105151
102420 2572 0.00917186
102421 2572 -0.0248207
102422 2572 -0.0232296
102429 2573 0.0836669
102430 2573 0.019674
102431 2573 0.0898008
102432 2573 -0.0380807
102433 2573 -0.0118378
102434 2573 0.166369
102435 2573 -0.0190179
102436 2573 0.0101953
102437 2573 -0.0253519
102438 2573 0.0119255
102439 2573 -0.0647866
102440 2573 -0.113569
103734 2607 0
103735 2607 0
103736 2607 0
103743 2607 1
103744 2607 0
103745 2607 0
103761 2607 0
103762 2607 0
103763 2607 0
103764 2607 0
103765 2607 0
103766 2607 0
103779 2608 0
103780 2608 0
103781 2608 0
103788 2608 0
103789 2608 1
103790 2608 0
103806 2608 0
103807 2608 0
103808 2608 0
103809 2608 0
103810 2608 0
103811 2608 0
103824 2609 0
103825 2609 0
103826 2609 0
103833 2609 0
103834 2609 0
103835 2609 1
103851 2609 0
103852 2609 0
103853 2609 0
103854 2609 0
103855 2609 0
103856 2609 0
105219 2646 0
105220 2646 0
105221 2646 0
105228 2646 1
105229 2646 0
105230 2646 0
105240 2646 0
105241 2646 0
105242 2646 0
105246 2646 0
105247 2646 0
105248 2646 0
105264 2647 0
105265 2647 0
105266 2647 0
105273 2647 0
105274 2647 1
105275 2647 0
105285 2647 0
105286 2647 0
105287 2647 0
105291 2647 0
105292 2647 0
105293 2647 0
105309 2648 0
105310 2648 0
105311 2648 0
105318 2648 0
105319 2648 0
105320 2648 1
105330 2648 0
105331 2648 0
105332 2648 0
105336 2648 0
105337 2648 0
105338 2648 0
109395 2754 1.15161
109396 2754 -0.00353488
109397 2754 0.00347982
109401 2754 0.0606859
109402 2754 -0.0298897
109403 2754 -0.105874
109425 2754 0.0238067
109426 2754 -0.0247638
109427 2754 0.0522674
109428 2754 -0.370822
109429 2754 0.090194
109430 2754 -0.170065
109440 2755 -0.00353488
109441 2755 1.13934
109442 2755 0.0106534
109446 2755 -0.0322457
109447 2755 0.0857819
109448 2755 -0.0827671
109470 2755 -0.0370235
109471 2755 -0.103429
109472 2755 0.21153
109473 2755 0.0976203
109474 2755 -0.00277339
109475 2755 0.046869
109485 2756 0.00347982
109486 2756 0.0106534
109487 2756 1.1436
109491 2756 -0.112351
109492 2756 -0.0808052
109493 2756 -0.140804
109515 2756 0.0573184
109516 2756 0.217794
109517 2756 -0.347804
109518 2756 -0.160765
109519 2756 0.0403944
109520 2756 -0.0490612
111396 2802 0.0606859
111397 2802 -0.0322457
111398 2802 -0.112351
111402 2802 1.16733
111403 2802 -0.00464126
111404 2802 -0.00370116
111426 2802 -0.101286
111427 2802 -0.227728
111428 2802 -0.0374733
111429 2802 -0.110734
111430 2802 0.139632
111431 2802 0.160318
111441 2803 -0.0298897
111442 2803 0.0857819
111443 2803 -0.0808052
111447 2803 -0.00464126
111448 2803 1.17258
111449 2803 0.011301
111471 2803 -0.219018
111472 2803 -0.331032
111473 2803 -0.0584674
111474 2803 0.13067
111475 2803 -0.132418
111476 2803 -0.174843
111486 2804 -0.105874
111487 2804 -0.0827671
111488 2804 -0.140804
111492 2804 -0.00370116
111493 2804 0.011301
111494 2804 1.09464
111516 2804 -0.0470629
111517 2804 -0.0729611
111518 2804 -0.00560694
111519 2804 0.161318
111520 2804 -0.17023
111521 2804 -0.18082
168336 4206 1.14655
168337 4206 0.0053974
168338 4206 0.000134752
168339 4206 -0.141794
168340 4206 -0.0343117
168341 4206 0.135062
168351 4206 0.00799364
168352 4206 -0.0560137
168353 4206 0.0644697
168357 4206 -0.236075
168358 4206 -0.225622
168359 4206 -0.102699
168381 4207 0.0053974
168382 4207 1.14629
168383 4207 -0.00125147
168384 4207 -0.0346727
168385 4207 0.104956
168386 4207 0.0188465
168396 4207 -0.0600652
168397 4207 -0.193205
168398 4207 0.236456
168402 4207 -0.225396
168403 4207 -0.173632
168404 4207 -0.0890835
168426 4208 0.000134752
168427 4208 -0.00125147
168428 4208 1.14171
168429 4208 0.134537
168430 4208 0.0181672
168431 4208 0.0372171
168441 4208 0.0663108
168442 4208 0.237865
168443 4208 -0.240625
168447 4208 -0.101763
168448 4208 -0.0905502
168449 4208 -0.0183007
168462 4209 -0.141794
168463 4209 -0.0346727
168464 4209 0.134537
168465 4209 0.241108
168466 4209 0.0105617
168467 4209 -0.0442727
168468 4209 -0.0817108
168469 4209 0.118621
168470 4209 -0.0916426
168471 4209 0.0177432
168472 4209 0.0635636
168473 4209 0.0597435
168480 4210 -0.0343117
168481 4210 0.104956
168482 4210 0.0181672
168483 4210 0.0105617
168484 4210 0.162768
168485 4210 -0.00550218
168486 4210 0.0347852
168487 4210 -0.0549158
168488 4210 0.0305992
168489 4210 -0.00715335
168490 4210 -0.0505319
168491 4210 -0.0451469
168498 4211 0.135062
168499 4211 0.0188465
168500 4211 0.0372171
168501 4211 -0.0442727
168502 4211 -0.00550218
168503 4211 0.183184
168504 4211 -0.00603907
168505 4211 -0.00337685
168506 4211 -0.00498856
168507 4211 -0.0281718
168508 4211 -0.095266
168509 4211 -0.109543
168615 4215 1
168616 4215 0
168617 4215 0
168624 4215 0
168625 4215 0
168626 4215 0
168645 4215 0
168646 4215 0
168647 4215 0
168648 4215 0
168649 4215 0
168650 4215 0
168660 4216 0
168661 4216 1
168662 4216 0
168669 4216 0
168670 4216 0
168671 4216 0
168690 4216 0
168691 4216 0
168692 4216 0
168693 4216 0
168694 4216 0
168695 4216 0
168705 4217 0
168706 4217 0
168707 4217 1
168714 4217 0
168715 4217 0
168716 4217 0
168735 4217 0
168736 4217 0
168737 4217 0
168738 4217 0
168739 4217 0
168740 4217 0
180954 4512 0
180955 4512 0
180956 4512 0
180960 4512 1
180961 4512 0
180962 4512 0
180972 4512 0
180973 4512 0
180974 4512 0
180975 4512 0
180976 4512 0
180977 4512 0
180987 4513 0
180988 4513 0
180989 4513 0
180993 4513 0
180994 4513 1
180995 4513 0
181005 4513 0
181006 4513 0
181007 4513 0
181008 4513 0
181009 4513 0
181010 4513 0
181020 4514 0
181021 4514 0
181022 4514 0
181026 4514 0
181027 4514 0
181028 4514 1
181038 4514 0
181039 4514 0
181040 4514 0
181041 4514 0
181042 4514 0
181043 4514 0
183222 4566 1.14957
183223 4566 -0.00320535
183224 4566 -0.00239313
183225 4566 -0.196982
183226 4566 0.0152275
183227 4566 0.0791918
183243 4566 -0.207287
183244 4566 -0.227334
183245 4566 -0.0849562
183255 4566 -0.231767
183256 4566 0.162307
183257 4566 -0.179237
183267 4567 -0.00320535
183268 4567 1.14868
183269 4567 -0.00219792
183270 4567 0.0128915
183271 4567 0.108389
183272 4567 -0.00145291
183288 4567 -0.228523
183289 4567 -0.207819
183290 4567 -0.0851533
183300 4567 0.1599
183301 4567 -0.0840746
183302 4567 0.115245
183312 4568 -0.00239313
183313 4568 -0.00219792
183314 4568 1.13631
183315 4568 0.0815084
183316 4568 -0.00536354
183317 4568 0.0875667
183333 4568 -0.0835023
183334 4568 -0.0894913
183335 4568 -0.0123113
183345 4568 -0.180831
183346 4568 0.117684
183347 4568 -0.112215
183354 4569 -0.196982
183355 4569 0.0128915
183356 4569 0.0815084
183357 4569 0.867821
183358 4569 -0.0224064
183359 4569 -0.107656
183372 4569 -0.0352668
183373 4569 0.11891
183374 4569 0.121862
183384 4569 -0.0290094
183385 4569 -0.0583379
183386 4569 0.156951
183396 4570 0.0152275
183397 4570 0.108389
183398 4570 -0.00536354
183399 4570 -0.0224064
183400 4570 0.844
183401 4570 -0.0190591
183414 4570 0.0337996
183415 4570 -0.111304
183416 4570 -0.110986
183426 4570 -0.0319964
183427 4570 -0.0317702
183428 4570 0.100712
183438 4571 0.0791918
183439 4571 -0.00145291
183440 4571 0.0875667
183441 4571 -0.107656
183442 4571 -0.0190591
183443 4571 0.72611
183456 4571 0.00494421
183457 4571 -0.0847053
183458 4571 -0.0693075
183468 4571 0.0144337
183469 4571 0.0637541
183470 4571 -0.149314
186195 4647 0.482868
186196 4647 0.0231868
186197 4647 -0.0440578
186201 4647 0
186202 4647 0
186203 4647 0
186210 4647 -0.0339512
186211 4647 0.02137
186212 4647 0.0590676
186213 4647 -0.0780772
186214 4647 -0.193587
186215 4647 0.0355323
186219 4647 -0.194862
186220 4647 0.0925205
186221 4647 -0.118392
186225 4648 0.0231868
186226 4648 0.581353
186227 4648 -0.0180651
186231 4648 0
186232 4648 0
186233 4648 0
186240 4648 0.115622
186241 4648 -0.100329
186242 4648 -0.165812
186243 4648 -0.177823
186244 4648 -0.353347
186245 4648 0.0691925
186249 4648 -0.0283498
186250 4648 0.00156031
186251 4648 -0.00521604
186255 4649 -0.0440578
186256 4649 -0.0180651
186257 4649 0.377087
186261 4649 0
186262 4649 0
186263 4649 0
186270 4649 0.0448378
186271 4649 -0.045356
186272 4649 -0.0956664
186273 4649 0.0190711
186274 4649 0.0358761
186275 4649 0.00578996
186279 4649 -0.0234782
186280 4649 0.00160099
186281 4649 -0.0272011
187860 4686 0
187861 4686 0
187862 4686 0
187863 4686 1
187864 4686 0
187865 4686 0
187872 4686 0
187873 4686 0
187874 4686 0
187875 4686 0
187876 4686 0
187877 4686 0
187884 4686 0
187885 4686 0
187886 4686 0
187893 4687 0
187894 4687 0
187895 4687 0
187896 4687 0
187897 4687 1
187898 4687 0
187905 4687 0
187906 4687 0
187907 4687 0
187908 4687 0
187909 4687 0
187910 4687 0
187917 4687 0
187918 4687 0
187919 4687 0
187926 4688 0
187927 4688 0
187928 4688 0
187929 4688 0
187930 4688 0
187931 4688 1
187938 4688 0
187939 4688 0
187940 4688 0
187941 4688 0
187942 4688 0
187943 4688 0
187950 4688 0
187951 4688 0
187952 4688 0
278082 7029 -0.0860227
278083 7029 -0.162416
278084 7029 -0.129809
278094 7029 -0.33273
278095 7029 0.14883
278096 7029 -0.152209
278106 7029 1.12667
278107 7029 0.0156078
278108 7029 -0.000740428
278112 7029 0.0913992
278113 7029 0.0106059
278114 7029 -0.0638153
278127 7030 -0.167722
278128 7030 -0.216314
278129 7030 -0.185735
278139 7030 0.15493
278140 7030 -0.0490121
278141 7030 0.0678268
278151 7030 0.0156078
278152 7030 1.1597
278153 7030 0.000322078
278157 7030 0.0097099
278158 7030 0.11274
278159 7030 0.0202182
278172 7031 -0.127269
278173 7031 -0.182107
278174 7031 -0.124023
278184 7031 -0.160035
278185 7031 0.0692565
278186 7031 -0.0450017
278196 7031 -0.000740428
278197 7031 0.000322078
278198 7031 1.14818
278202 7031 -0.0635427
278203 7031 0.023045
278204 7031 -0.204408
278985 7056 -0.0142529
278986 7056 -0.0203806
278987 7056 0.00639611
278991 7056 -0.0672254
278992 7056 0.0244994
278993 7056 0.0274317
278994 7056 0.0913992
278995 7056 0.0097099
278996 7056 -0.0635427
278997 7056 0.159533
278998 7056 0.00300456
278999 7056 0.0219274
279003 7057 -0.0469071
279004 7057 -0.113861
279005 7057 0.0160785
279009 7057 0.0270766
279010 7057 -0.0277809
279011 7057 -0.0137077
279012 7057 0.0106059
279013 7057 0.11274
279014 7057 0.023045
279015 7057 0.00300456
279016 7057 0.165275
279017 7057 -0.0096688
279021 7058 0.0573519
279022 7058 0.125625
279023 7058 -0.0139672
279027 7058 0.139783
279028 7058 -0.0644463
279029 7058 -0.0481227
279030 7058 -0.0638153
279031 7058 0.0202182
279032 7058 -0.204408
279033 7058 0.0219274
279034 7058 -0.0096688
279035 7058 0.262252
279528 7083 -0.0135184
279529 7083 -0.0107068
279530 7083 0.00941616
279531 7083 -0.124042
279532 7083 0.0612133
279533 7083 0.0252407
279534 7083 0.166991
279535 7083 5.86542e-05
279536 7083 0.0327334
279537 7083 0.0793988
279538 7083 0.010513
279539 7083 -0.0920336
279546 7084 -0.0466389
279547 7084 -0.103349
279548 7084 0.0230771
279549 7084 0.0522053
279550 7084 -0.0418472
279551 7084 -0.011064
279552 7084 5.86542e-05
279553 7084 0.160281
279554 7084 -0.00633821
279555 7084 0.00796426
279556 7084 0.109165
279557 7084 0.0205598
279564 7085 0.0673085
279565 7085 0.124101
279566 7085 -0.0273008
279567 7085 -0.083506
279568 7085 0.04772
279569 7085 0.0226876
279570 7085 0.0327334
279571 7085 -0.00633821
279572 7085 0.259788
279573 7085 -0.0918876
279574 7085 0.0204975
279575 7085 -0.189542
280740 7116 -0.13226
280741 7116 -0.188861
280742 7116 -0.126492
280743 7116 -0.101001
280744 7116 0.0875638
280745 7116 0.195938
280755 7116 0.0793988
280756 7116 0.00796426
280757 7116 -0.0918876
280761 7116 1.13979
280762 7116 0.00910635
280763 7116 -9.65647e-05
280785 7117 -0.189559
280786 7117 -0.20645
280787 7117 -0.156919
280788 7117 0.0825876
280789 7117 -0.0399499
280790 7117 -0.135874
280800 7117 0.010513
280801 7117 0.109165
280802 7117 0.0204975
280806 7117 0.00910635
280807 7117 1.15268
280808 7117 0.00235358
280830 7118 -0.133327
280831 7118 -0.16133
280832 7118 -0.0902414
280833 7118 0.195352
280834 7118 -0.13862
280835 7118 -0.285302
280845 7118 -0.0920336
280846 7118 0.0205598
280847 7118 -0.189542
280851 7118 -9.65647e-05
280852 7118 0.00235358
280853 7118 1.14208
282657 7161 0.00542719
282658 7161 -0.0709774
282659 7161 0.0583157
282660 7161 -0.172727
282661 7161 0.0629177
282662 7161 0.00824661
282669 7161 0.577526
282670 7161 -0.000607727
282671 7161 0.00217988
282672 7161 0.0751204
282673 7161 0.0103
282674 7161 -0.0991568
282690 7162 -0.0689472
282691 7162 -0.267909
282692 7162 0.232186
282693 7162 0.11478
282694 7162 -0.0323884
282695 7162 0.0185216
282702 7162 -0.000607727
282703 7162 0.574083
282704 7162 0.0011035
282705 7162 0.00853996
282706 7162 0.107956
282707 7162 0.0256205
282723 7163 0.0538921
282724 7163 0.228616
282725 7163 -0.164924
282726 7163 -0.127608
282727 7163 0.0384931
282728 7163 -0.00775303
282735 7163 0.00217988
282736 7163 0.0011035
282737 7163 0.574449
282738 7163 -0.0997742
282739 7163 0.0241023
282740 7163 -0.182849
284745 7212 -0.128457
284746 7212 -0.188384
284747 7212 -0.126895
284748 7212 -0.0967071
284749 7212 0.0782743
284750 7212 0.197158
284760 7212 0.0751204
284761 7212 0.00853996
284762 7212 -0.0997742
284766 7212 1.14221
284767 7212 0.00425689
284768 7212 0.00298532
284790 7213 -0.188773
284791 7213 -0.208066
284792 7213 -0.159597
284793 7213 0.0756738
284794 7213 -0.0289753
284795 7213 -0.127045
284805 7213 0.0103
284806 7213 0.107956
284807 7213 0.0241023
284811 7213 0.00425689
284812 7213 1.14718
284813 7213 0.00487289
284835 7214 -0.13324
284836 7214 -0.16441
284837 7214 -0.0916228
284838 7214 0.194366
284839 7214 -0.130863
284840 7214 -0.301734
284850 7214 -0.0991568
284851 7214 0.0256205
284852 7214 -0.182849
284856 7214 0.00298532
284857 7214 0.00487289
284858 7214 1.14516
288396 7302 0.0140389
288397 7302 -0.0630409
288398 7302 0.0471886
288399 7302 -0.361257
288400 7302 0.155974
288401 7302 -0.12664
288411 7302 1.13974
288412 7302 0.00836539
288413 7302 -0.000617246
288417 7302 0.0788637
288418 7302 0.00828631
288419 7302 -0.0915463
288441 7303 -0.0559612
288442 7303 -0.274535
288443 7303 0.234619
288444 7303 0.158555
288445 7303 -0.0437731
288446 7303 0.0516743
288456 7303 0.00836539
288457 7303 1.15194
288458 7303 0.00681299
288462 7303 0.00436799
288463 7303 0.111023
288464 7303 0.0158218
288486 7304 0.0412369
288487 7304 0.232897
288488 7304 -0.163424
288489 7304 -0.134243
288490 7304 0.0552162
288491 7304 -0.0224123
288501 7304 -0.000617246
288502 7304 0.00681299
288503 7304 1.14287
288507 7304 -0.0929699
288508 7304 0.01068
288509 7304 -0.189454
289911 7341 -0.0895345
289912 7341 -0.177444
289913 7341 -0.10998
289914 7341 -0.115342
289915 7341 0.0791828
289916 7341 0.211867
289926 7341 0.0788637
289927 7341 0.00436799
289928 7341 -0.0929699
289932 7341 1.13626
289933 7341 0.0108021
289934 7341 0.00142261
289956 7342 -0.178757
289957 7342 -0.245932
289958 7342 -0.174358
289959 7342 0.0732736
289960 7342 -0.0214869
289961 7342 -0.112871
289971 7342 0.00828631
289972 7342 0.111023
289973 7342 0.01068
289977 7342 0.0108021
289978 7342 1.15538
289979 7342 0.00305463
290001 7343 -0.114544
290002 7343 -0.17792
290003 7343 -0.0945183
290004 7343 0.205557
290005 7343 -0.124068
290006 7343 -0.287429
290016 7343 -0.0915463
290017 7343 0.0158218
290018 7343 -0.189454
290022 7343 0.00142261
290023 7343 0.00305463
290024 7343 1.14292
294528 7473 -0.216692
294529 7473 -0.22247
294530 7473 -0.076094
294534 7473 0
294535 7473 0
294536 7473 0
294549 7473 1.17822
294550 7473 0.126351
294551 7473 -0.0330396
294558 7473 0.114425
294559 7473 -0.151403
294560 7473 0.0373424
294573 7474 -0.215149
294574 7474 -0.206865
294575 7474 -0.0569505
294579 7474 0
294580 7474 0
294581 7474 0
294594 7474 0.126351
294595 7474 1.19921
294596 7474 0.00757695
294603 7474 0.0966773
294604 7474 -0.176364
294605 7474 0.0836172
294618 7475 -0.095927
294619 7475 -0.100276
294620 7475 0.00927345
294624 7475 0
294625 7475 0
294626 7475 0
294639 7475 -0.0330396
294640 7475 0.00757695
294641 7475 1.05712
294648 7475 -0.00364245
294649 7475 -0.0060714
294650 7475 0.0938716
295995 7506 -0.139128
295996 7506 -0.193964
295997 7506 -0.126749
296001 7506 0.0102262
296002 7506 -0.0625074
296003 7506 0.0525172
296016 7506 1.14298
296017 7506 0.00175792
296018 7506 -0.00061165
296025 7506 0.0878746
296026 7506 0.0809331
296027 7506 0.0126038
296040 7507 -0.194053
296041 7507 -0.20821
296042 7507 -0.150397
296046 7507 -0.0591092
296047 7507 -0.263429
296048 7507 0.238395
296061 7507 0.00175792
296062 7507 1.1449
296063 7507 -0.00155224
296070 7507 0.07815
296071 7507 -0.189742
296072 7507 -0.0524286
296085 7508 -0.127388
296086 7508 -0.153495
296087 7508 -0.0793756
296091 7508 0.0480052
296092 7508 0.231921
296093 7508 -0.174735
296106 7508 -0.00061165
296107 7508 -0.00155224
296108 7508 1.14668
296115 7508 0.0138722
296116 7508 -0.0525087
296117 7508 0.0997134
297054 7533 -0.0242284
297055 7533 -0.0729898
297056 7533 0.0753796
297057 7533 -0.0889002
297058 7533 0.0211919
297059 7533 -0.0190179
297069 7533 0.680772
297070 7533 0.0238873
297071 7533 0.0501534
297072 7533 0.0491264
297073 7533 -0.00650719
297074 7533 -0.0252786
297096 7534 -0.0929305
297097 7534 -0.209472
297098 7534 0.226778
297099 7534 0.116742
297100 7534 -0.0292965
297101 7534 0.0101953
297111 7534 0.0238873
297112 7534 0.915214
297113 7534 -0.0225885
297114 7534 0.00866475
297115 7534 0.102204
297116 7534 0.0203292
297138 7535 0.0862034
297139 7535 0.212946
297140 7535 -0.190799
297141 7535 -0.098926
297142 7535 0.0105151
297143 7535 -0.0253519
297153 7535 0.0501534
297154 7535 -0.0225885
297155 7535 0.841945
297156 7535 -0.0701783
297157 7535 0.0182737
297158 7535 -0.151037
298953 7578 -0.151127
298954 7578 -0.1775
298955 7578 -0.13628
298956 7578 -0.0107745
298957 7578 0.00917186
298958 7578 0.0119255
298965 7578 0.0491264
298966 7578 0.00866475
298967 7578 -0.0701783
298971 7578 0.486909
298972 7578 -0.0012426
298973 7578 0.0229595
298986 7579 -0.159244
298987 7579 -0.173367
298988 7579 -0.135384
298989 7579 0.0767154
298990 7579 -0.0248207
298991 7579 -0.0647866
298998 7579 -0.00650719
298999 7579 0.102204
299000 7579 0.0182737
299004 7579 -0.0012426
299005 7579 0.549566
299006 7579 -0.0115415
299019 7580 -0.15248
299020 7580 -0.171751
299021 7580 -0.114538
299022 7580 0.105667
299023 7580 -0.0232296
299024 7580 -0.113569
299031 7580 -0.0252786
299032 7580 0.0203292
299033 7580 -0.151037
299037 7580 0.0229595
299038 7580 -0.0115415
299039 7580 0.547209
300126 7608 0.00480994
300127 7608 -0.0486124
300128 7608 0.0267017
300132 7608 -0.187482
300133 7608 -0.0105422
300134 7608 -0.268898
300138 7608 0
300139 7608 0
300140 7608 0
300144 7608 0
300145 7608 0
300146 7608 0
300156 7608 1.27369
300157 7608 -0.0354923
300158 7608 0.064916
300159 7608 -0.171346
300160 7608 0.151016
300161 7608 -0.0545611
300162 7608 -0.115181
300163 7608 -0.24089
300164 7608 0.0138072
300171 7609 -0.0884657
300172 7609 -0.260462
300173 7609 0.183656
300177 7609 -0.128319
300178 7609 -0.0572066
300179 7609 -0.173893
300183 7609 0
300184 7609 0
300185 7609 0
300189 7609 0
300190 7609 0
300191 7609 0
300201 7609 -0.0354923
300202 7609 1.04121
300203 7609 -0.00439682
300204 7609 -0.0394245
300205 7609 0.0753382
300206 7609 0.048823
300207 7609 -0.0408733
300208 7609 0.0462802
300209 7609 0.0352714
300216 7610 0.0767088
300217 7610 0.244416
300218 7610 -0.143946
300222 7610 -0.133967
300223 7610 0.041801
300224 7610 -0.151957
300228 7610 0
300229 7610 0
300230 7610 0
300234 7610 0
300235 7610 0
300236 7610 0
300246 7610 0.064916
300247 7610 -0.00439682
300248 7610 1.11966
300249 7610 0.0837062
300250 7610 -0.0362376
300251 7610 0.090759
300252 7610 -0.0830126
300253 7610 -0.0801642
300254 7610 0.0869477
300258 7611 -0.142887
300259 7611 0.219911
300260 7611 -0.054269
300270 7611 0
300271 7611 0
300272 7611 0
300288 7611 -0.171346
300289 7611 -0.0394245
300290 7611 0.0837062
300291 7611 1.10711
300292 7611 -0.251612
300293 7611 0.0856333
300303 7612 0.2294
300304 7612 -0.279375
300305 7612 0.0858931
300315 7612 0
300316 7612 0
300317 7612 0
300333 7612 0.151016
300334 7612 0.0753382
300335 7612 -0.0362376
300336 7612 -0.251612
300337 7612 1.13752
300338 7612 -0.0174492
300348 7613 -0.0665745
300349 7613 0.105217
300350 7613 0.00343259
300360 7613 0
300361 7613 0
300362 7613 0
300378 7613 -0.0545611
300379 7613 0.048823
300380 7613 0.090759
300381 7613 0.0856333
300382 7613 -0.0174492
300383 7613 1.18992
301323 7638 -0.0721947
301324 7638 -0.0104814
301325 7638 0.0958285
301329 7638 0
301330 7638 0
301331 7638 0
301335 7638 -0.115181
301336 7638 -0.0408733
301337 7638 -0.0830126
301338 7638 0.298218
301339 7638 0.154016
301340 7638 -0.0964883
301350 7639 -0.00221371
301351 7639 -0.0827998
301352 7639 0.11979
301356 7639 0
301357 7639 0
301358 7639 0
301362 7639 -0.24089
301363 7639 0.0462802
301364 7639 -0.0801642
301365 7639 0.154016
301366 7639 0.539347
301367 7639 0.0817984
301377 7640 -0.0229178
301378 7640 0.0503087
301379 7640 -0.0653176
301383 7640 0
301384 7640 0
301385 7640 0
301389 7640 0.0138072
301390 7640 0.0352714
301391 7640 0.0869477
301392 7640 -0.0964883
301393 7640 0.0817984
301394 7640 0.318994
305676 7761 -0.328546
305677 7761 0.132929
305678 7761 -0.180614
305682 7761 0
305683 7761 0
305684 7761 0
305700 7761 0.114425
305701 7761 0.0966773
305702 7761 -0.00364245
305709 7761 1.09608
305710 7761 -0.150985
305711 7761 0.107092
305721 7762 0.0907739
305722 7762 -0.0337538
305723 7762 0.0548195
305727 7762 0
305728 7762 0
305729 7762 0
305745 7762 -0.151403
305746 7762 -0.176364
305747 7762 -0.0060714
305754 7762 -0.150985
305755 7762 1.14844
305756 7762 -0.0699433
305766 7763 -0.195107
305767 7763 0.0669139
305768 7763 -0.0662736
305772 7763 0
305773 7763 0
305774 7763 0
305790 7763 0.0373424
305791 7763 0.0836172
305792 7763 0.0938716
305799 7763 0.107092
305800 7763 -0.0699433
305801 7763 1.19003
307143 7794 -0.351378
307144 7794 0.181252
307145 7794 -0.110953
307149 7794 -0.0780855
307150 7794 0.0756883
307151 7794 0.180718
307167 7794 0.0878746
307168 7794 0.07815
307169 7794 0.0138722
307176 7794 1.1461
307177 7794 -0.000348281
307178 7794 0.0013497
307188 7795 0.180507
307189 7795 -0.0654622
307190 7795 0.0542117
307194 7795 0.0788491
307195 7795 -0.0366622
307196 7795 -0.140388
307212 7795 0.0809331
307213 7795 -0.189742
307214 7795 -0.0525087
307221 7795 -0.000348281
307222 7795 1.14765
307223 7795 -0.000983099
307233 7796 -0.107063
307234 7796 0.0526303
307235 7796 -0.00968821
307239 7796 0.185089
307240 7796 -0.136304
307241 7796 -0.309956
307257 7796 0.0126038
307258 7796 -0.0524286
307259 7796 0.0997134
307266 7796 0.0013497
307267 7796 -0.000983099
307268 7796 1.14081
317136 8058 0.0238067
317137 8058 -0.0370235
317138 8058 0.0573184
317142 8058 -0.101286
317143 8058 -0.219018
317144 8058 -0.0470629
317166 8058 1.13161
317167 8058 0.0193783
317168 8058 -0.0151806
317169 8058 -0.141805
317170 8058 -0.0728198
317171 8058 0.119118
317181 8059 -0.0247638
317182 8059 -0.103429
317183 8059 0.217794
317187 8059 -0.227728
317188 8059 -0.331032
317189 8059 -0.0729611
317211 8059 0.0193783
317212 8059 1.15392
317213 8059 -0.00894796
317214 8059 -0.0705694
317215 8059 0.0878251
317216 8059 0.0326965
317226 8060 0.0522674
317227 8060 0.21153
317228 8060 -0.347804
317232 8060 -0.0374733
317233 8060 -0.0584674
317234 8060 -0.00560694
317256 8060 -0.0151806
317257 8060 -0.00894796
317258 8060 1.14903
317259 8060 0.120147
317260 8060 0.0339369
317261 8060 0.0521589
317268 8061 -0.370822
317269 8061 0.0976203
317270 8061 -0.160765
317274 8061 -0.110734
317275 8061 0.13067
317276 8061 0.161318
317298 8061 -0.141805
317299 8061 -0.0705694
317300 8061 0.120147
317301 8061 1.11585
317302 8061 0.0121268
317303 8061 -0.00801423
317313 8062 0.090194
317314 8062 -0.00277339
317315 8062 0.0403944
317319 8062 0.139632
317320 8062 -0.132418
317321 8062 -0.17023
317343 8062 -0.0728198
317344 8062 0.0878251
317345 8062 0.0339369
317346 8062 0.0121268
317347 8062 1.17369
317348 8062 -0.0238233
317358 8063 -0.170065
317359 8063 0.046869
317360 8063 -0.0490612
317364 8063 0.160318
317365 8063 -0.174843
317366 8063 -0.18082
317388 8063 0.119118
317389 8063 0.0326965
317390 8063 0.0521589
317391 8063 -0.00801423
317392 8063 -0.0238233
317393 8063 1.14501
361710 9183 0.00799364
361711 9183 -0.0600652
361712 9183 0.0663108
361713 9183 -0.0817108
361714 9183 0.0347852
361715 9183 -0.00603907
361725 9183 0.714493
361726 9183 0.0139298
361727 9183 0.0674495
361728 9183 0.00674241
361729 9183 -0.00991262
361730 9183 -0.0447792
361752 9184 -0.0560137
361753 9184 -0.193205
361754 9184 0.237865
361755 9184 0.118621
361756 9184 -0.0549158
361757 9184 -0.00337685
361767 9184 0.0139298
361768 9184 0.914407
361769 9184 -0.00383556
361770 9184 -0.00107013
361771 9184 0.106994
361772 9184 0.0167852
361794 9185 0.0644697
361795 9185 0.236456
361796 9185 -0.240625
361797 9185 -0.0916426
361798 9185 0.0305992
361799 9185 -0.00498856
361809 9185 0.0674495
361810 9185 -0.00383556
361811 9185 0.809031
361812 9185 -0.140707
361813 9185 0.00667309
361814 9185 -0.11361
363828 9231 -0.236075
363829 9231 -0.225396
363830 9231 -0.101763
363831 9231 0.0177432
363832 9231 -0.00715335
363833 9231 -0.0281718
363840 9231 0.00674241
363841 9231 -0.00107013
363842 9231 -0.140707
363846 9231 0.626185
363847 9231 0.0587831
363848 9231 0.0315096
363864 9232 -0.225622
363865 9232 -0.173632
363866 9232 -0.0905502
363867 9232 0.0635636
363868 9232 -0.0505319
363869 9232 -0.095266
363876 9232 -0.00991262
363877 9232 0.106994
363878 9232 0.00667309
363882 9232 0.0587831
363883 9232 0.707286
363884 9232 0.0466821
363900 9233 -0.102699
363901 9233 -0.0890835
363902 9233 -0.0183007
363903 9233 0.0597435
363904 9233 -0.0451469
363905 9233 -0.109543
363912 9233 -0.0447792
363913 9233 0.0167852
363914 9233 -0.11361
363918 9233 0.0315096
363919 9233 0.0466821
363920 9233 0.534962
377265 9576 0
377266 9576 0
377267 9576 0
377271 9576 0
377272 9576 0
377273 9576 0
377280 9576 1
377281 9576 0
377282 9576 0
377283 9576 0
377284 9576 0
377285 9576 0
377289 9577 0
377290 9577 0
377291 9577 0
377295 9577 0
377296 9577 0
377297 9577 0
377304 9577 0
377305 9577 1
377306 9577 0
377307 9577 0
377308 9577 0
377309 9577 0
377313 9578 0
377314 9578 0
377315 9578 0
377319 9578 0
377320 9578 0
377321 9578 0
377328 9578 0
377329 9578 0
377330 9578 1
377331 9578 0
377332 9578 0
377333 9578 0
377334 9579 0
377335 9579 0
377336 9579 0
377346 9579 0
377347 9579 0
377348 9579 0
377361 9579 0
377362 9579 0
377363 9579 0
377364 9579 0.60372
377365 9579 -0.0346119
377366 9579 -0.179991
377373 9580 0
377374 9580 0
377375 9580 0
377385 9580 0
377386 9580 0
377387 9580 0
377400 9580 0
377401 9580 0
377402 9580 0
377403 9580 -0.0346119
377404 9580 0.676039
377405 9580 -0.000791833
377412 9581 0
377413 9581 0
377414 9581 0
377424 9581 0
377425 9581 0
377426 9581 0
377439 9581 0
377440 9581 0
377441 9581 0
377442 9581 -0.179991
377443 9581 -0.000791833
377444 9581 1.0158
379347 9633 -0.207287
379348 9633 -0.228523
379349 9633 -0.0835023
379350 9633 -0.0352668
379351 9633 0.0337996
379352 9633 0.00494421
379362 9633 0.38448
379363 9633 0.13261
379364 9633 0.0226672
379365 9633 0.0527375
379366 9633 -0.0464583
379367 9633 0.00655119
379374 9634 -0.227334
379375 9634 -0.207819
379376 9634 -0.0894913
379377 9634 0.11891
379378 9634 -0.111304
379379 9634 -0.0847053
379389 9634 0.13261
379390 9634 0.390358
379391 9634 0.0226882
379392 9634 0.0536461
379393 9634 -0.100767
379394 9634 0.0670233
379401 9635 -0.0849562
379402 9635 -0.0851533
379403 9635 -0.0123113
379404 9635 0.121862
379405 9635 -0.110986
379406 9635 -0.0693075
379416 9635 0.0226672
379417 9635 0.0226882
379418 9635 0.381721
379419 9635 -0.0155129
379420 9635 0.00617913
379421 9635 0.048168
383376 9750 -0.0339512
383377 9750 0.115622
383378 9750 0.0448378
383379 9750 0
383380 9750 0
383381 9750 0
383388 9750 0.485153
383389 9750 -0.0352507
383390 9750 -0.063021
383391 9750 -0.0361958
383392 9750 -0.0441055
383393 9750 0.153186
383409 9751 0.02137
383410 9751 -0.100329
383411 9751 -0.045356
383412 9751 0
383413 9751 0
383414 9751 0
383421 9751 -0.0352507
383422 9751 0.58375
383423 9751 -0.0644136
383424 9751 -0.0365974
383425 9751 0.101534
383426 9751 0.032671
383442 9752 0.0590676
383443 9752 -0.165812
383444 9752 -0.0956664
383445 9752 0
383446 9752 0
383447 9752 0
383454 9752 -0.063021
383455 9752 -0.0644136
383456 9752 0.657154
383457 9752 0.163097
383458 9752 0.0310033
383459 9752 -0.052481
383475 9753 -0.0780772
383476 9753 -0.177823
383477 9753 0.0190711
383481 9753 0
383482 9753 0
383483 9753 0
383493 9753 -0.0361958
383494 9753 -0.0365974
383495 9753 0.163097
383496 9753 1.06088
383497 9753 -0.015351
383498 9753 0.0149305
383505 9753 0.0552992
383506 9753 0.0797981
383507 9753 -0.0634981
383520 9754 -0.193587
383521 9754 -0.353347
383522 9754 0.0358761
383526 9754 0
383527 9754 0
383528 9754 0
383538 9754 -0.0441055
383539 9754 0.101534
383540 9754 0.0310033
383541 9754 -0.015351
383542 9754 1.13148
383543 9754 -0.00553005
383550 9754 0.0856894
383551 9754 -0.115235
383552 9754 0.113912
383565 9755 0.0355323
383566 9755 0.0691925
383567 9755 0.00578996
383571 9755 0
383572 9755 0
383573 9755 0
383583 9755 0.153186
383584 9755 0.032671
383585 9755 -0.052481
383586 9755 0.0149305
383587 9755 -0.00553005
383588 9755 1.24219
383595 9755 -0.0533897
383596 9755 0.128084
383597 9755 0.0583857
390429 9924 -0.231767
390430 9924 0.1599
390431 9924 -0.180831
390432 9924 -0.0290094
390433 9924 -0.0319964
390434 9924 0.0144337
390444 9924 0.0527375
390445 9924 0.0536461
390446 9924 -0.0155129
390453 9924 0.402265
390454 9924 -0.0970826
390455 9924 0.0753917
390456 9925 0.162307
390457 9925 -0.0840746
390458 9925 0.117684
390459 9925 -0.0583379
390460 9925 -0.0317702
390461 9925 0.0637541
390471 9925 -0.0464583
390472 9925 -0.100767
390473 9925 0.00617913
390480 9925 -0.0970826
390481 9925 0.350323
390482 9925 -0.0133116
390483 9926 -0.179237
390484 9926 0.115245
390485 9926 -0.112215
390486 9926 0.156951
390487 9926 0.100712
390488 9926 -0.149314
390498 9926 0.00655119
390499 9926 0.0670233
390500 9926 0.048168
390507 9926 0.0753917
390508 9926 -0.0133116
390509 9926 0.403971
392922 9996 -0.194862
392923 9996 -0.0283498
392924 9996 -0.0234782
392928 9996 0
392929 9996 0
392930 9996 0
392940 9996 0.0552992
392941 9996 0.0856894
392942 9996 -0.0533897
392946 9996 0.494984
392947 9996 0.0594035
392948 9996 0.0254712
392955 9997 0.0925205
392956 9997 0.00156031
392957 9997 0.00160099
392961 9997 0
392962 9997 0
392963 9997 0
392973 9997 0.0797981
392974 9997 -0.115235
392975 9997 0.128084
392979 9997 0.0594035
392980 9997 0.538935
392981 9997 -0.0320233
392988 9998 -0.118392
392989 9998 -0.00521604
392990 9998 -0.0272011
392994 9998 0
392995 9998 0
392996 9998 0
393006 9998 -0.0634981
393007 9998 0.113912
393008 9998 0.0583857
393012 9998 0.0254712
393013 9998 -0.0320233
393014 9998 0.549764
