92382 2316 0.644621
92383 2316 -0.00653213
92384 2316 0.0297627
92385 2316 0.0738722
92386 2316 -0.0361045
92387 2316 0.0998443
92403 2316 0.021127
92404 2316 0.0127343
92405 2316 0.0119665
92409 2316 -0.246851
92410 2316 -0.045393
92411 2316 0.074494
92418 2317 -0.00653213
92419 2317 0.673938
92420 2317 -0.0629639
92421 2317 -0.0274731
92422 2317 0.0703463
92423 2317 0.100837
92439 2317 0.0286453
92440 2317 -0.173989
92441 2317 -0.201747
92445 2317 -0.00238258
92446 2317 0.00948162
92447 2317 -0.0192206
92454 2318 0.0297627
92455 2318 -0.0629639
92456 2318 0.692248
92457 2318 0.0825331
92458 2318 0.102125
92459 2318 -0.136708
92475 2318 0.0343721
92476 2318 -0.28841
92477 2318 -0.271136
92481 2318 0.177175
92482 2318 0.0169372
92483 2318 -0.0532019
92490 2319 0.0738722
92491 2319 -0.0274731
92492 2319 0.0825331
92493 2319 1.15965
92494 2319 0.0248318
92495 2319 -0.0207851
92517 2319 -0.031072
92518 2319 -0.148528
92519 2319 0.0694941
92523 2319 -0.171412
92524 2319 0.114206
92525 2319 -0.18628
92535 2320 -0.0361045
92536 2320 0.0703463
92537 2320 0.102125
92538 2320 0.0248318
92539 2320 1.09502
92540 2320 0.0545529
92562 2320 -0.121946
92563 2320 -0.371881
92564 2320 0.154359
92568 2320 0.155508
92569 2320 -0.101709
92570 2320 0.167195
92580 2321 0.0998443
92581 2321 0.100837
92582 2321 -0.136708
92583 2321 -0.0207851
92584 2321 0.0545529
92585 2321 1.17989
92607 2321 0.00234628
92608 2321 0.0451179
92609 2321 0.00740822
92613 2321 -0.153172
92614 2321 0.112276
92615 2321 -0.141458
92628 2322 1.15394
92629 2322 0.0164539
92630 2322 0.020731
92637 2322 0
92638 2322 0
92639 2322 0
92658 2322 -0.0077885
92659 2322 -0.0618373
92660 2322 0.0482329
92661 2322 -0.180971
92662 2322 0.225101
92663 2322 -0.0670461
92673 2323 0.0164539
92674 2323 1.13978
92675 2323 -0.0269674
92682 2323 0
92683 2323 0
92684 2323 0
92703 2323 -0.0552881
92704 2323 -0.250122
92705 2323 0.2407
92706 2323 0.237865
92707 2323 -0.245373
92708 2323 0.0905613
92718 2324 0.020731
92719 2324 -0.0269674
92720 2324 1.14083
92727 2324 0
92728 2324 0
92729 2324 0
92748 2324 0.0269153
92749 2324 0.18214
92750 2324 -0.153463
92751 2324 -0.0478927
92752 2324 0.0776712
92753 2324 0.00499426
103734 2607 0
103735 2607 0
103736 2607 0
103743 2607 1
103744 2607 0
103745 2607 0
103761 2607 0
103762 2607 0
103763 2607 0
103764 2607 0
103765 2607 0
103766 2607 0
103779 2608 0
103780 2608 0
103781 2608 0
103788 2608 0
103789 2608 1
103790 2608 0
103806 2608 0
103807 2608 0
103808 2608 0
103809 2608 0
103810 2608 0
103811 2608 0
103824 2609 0
103825 2609 0
103826 2609 0
103833 2609 0
103834 2609 0
103835 2609 1
103851 2609 0
103852 2609 0
103853 2609 0
103854 2609 0
103855 2609 0
103856 2609 0
298275 7563 0.021127
298276 7563 0.0286453
298277 7563 0.0343721
298278 7563 -0.031072
298279 7563 -0.121946
298280 7563 0.00234628
298302 7563 1.16227
298303 7563 0.0153247
298304 7563 -0.0337713
298308 7563 -0.0978547
298309 7563 -0.131406
298310 7563 -0.0726603
298320 7564 0.0127343
298321 7564 -0.173989
298322 7564 -0.28841
298323 7564 -0.148528
298324 7564 -0.371881
298325 7564 0.0451179
298347 7564 0.0153247
298348 7564 1.12628
298349 7564 0.0220375
298353 7564 -0.146566
298354 7564 0.0122409
298355 7564 -0.0397943
298365 7565 0.0119665
298366 7565 -0.201747
298367 7565 -0.271136
298368 7565 0.0694941
298369 7565 0.154359
298370 7565 0.00740822
298392 7565 -0.0337713
298393 7565 0.0220375
298394 7565 1.146
298398 7565 -0.0732037
298399 7565 -0.0539244
298400 7565 0.0857958
300006 7605 -0.246851
300007 7605 -0.00238258
300008 7605 0.177175
300009 7605 -0.171412
300010 7605 0.155508
300011 7605 -0.153172
300030 7605 -0.0978547
300031 7605 -0.146566
300032 7605 -0.0732037
300036 7605 0.623822
300037 7605 0.0109462
300038 7605 0.0107661
300045 7606 -0.045393
300046 7606 0.00948162
300047 7606 0.0169372
300048 7606 0.114206
300049 7606 -0.101709
300050 7606 0.112276
300069 7606 -0.131406
300070 7606 0.0122409
300071 7606 -0.0539244
300075 7606 0.0109462
300076 7606 0.811112
300077 7606 -0.145257
300084 7607 0.074494
300085 7607 -0.0192206
300086 7607 -0.0532019
300087 7607 -0.18628
300088 7607 0.167195
300089 7607 -0.141458
300108 7607 -0.0726603
300109 7607 -0.0397943
300110 7607 0.0857958
300114 7607 0.0107661
300115 7607 -0.145257
300116 7607 0.718248
300126 7608 -0.0077885
300127 7608 -0.0552881
300128 7608 0.0269153
300138 7608 0
300139 7608 0
300140 7608 0
300156 7608 1.29781
300157 7608 -0.0276236
300158 7608 0.0731523
300159 7608 -0.199164
300160 7608 0.143452
300161 7608 -0.0487256
300171 7609 -0.0618373
300172 7609 -0.250122
300173 7609 0.18214
300183 7609 0
300184 7609 0
300185 7609 0
300201 7609 -0.0276236
300202 7609 1.02096
300203 7609 0.0113334
300204 7609 -0.027831
300205 7609 0.0782248
300206 7609 0.0435113
300216 7610 0.0482329
300217 7610 0.2407
300218 7610 -0.153463
300228 7610 0
300229 7610 0
300230 7610 0
300246 7610 0.0731523
300247 7610 0.0113334
300248 7610 1.11578
300249 7610 0.0803669
300250 7610 -0.022703
300251 7610 0.0957829
300258 7611 -0.180971
300259 7611 0.237865
300260 7611 -0.0478927
300270 7611 0
300271 7611 0
300272 7611 0
300288 7611 -0.199164
300289 7611 -0.027831
300290 7611 0.0803669
300291 7611 1.14267
300292 7611 -0.272156
300293 7611 0.0893358
300303 7612 0.225101
300304 7612 -0.245373
300305 7612 0.0776712
300315 7612 0
300316 7612 0
300317 7612 0
300333 7612 0.143452
300334 7612 0.0782248
300335 7612 -0.022703
300336 7612 -0.272156
300337 7612 1.06448
300338 7612 0.0141329
300348 7613 -0.0670461
300349 7613 0.0905613
300350 7613 0.00499426
300360 7613 0
300361 7613 0
300362 7613 0
300378 7613 -0.0487256
300379 7613 0.0435113
300380 7613 0.0957829
300381 7613 0.0893358
300382 7613 0.0141329
300383 7613 1.2274
