93996 2355 0.834135
93997 2355 -0.0922954
93998 2355 -0.0813608
93999 2355 -0.162756
94000 2355 0.0394429
94001 2355 -0.0201407
94020 2355 -0.0656964
94021 2355 0.0409748
94022 2355 0.143618
94026 2355 -0.034674
94027 2355 0.154162
94028 2355 -0.0276291
94038 2356 -0.0922954
94039 2356 0.763551
94040 2356 0.0818805
94041 2356 -0.0138433
94042 2356 0.0744121
94043 2356 0.0353134
94062 2356 0.116388
94063 2356 -0.159944
94064 2356 -0.0187146
94068 2356 -0.0138018
94069 2356 -0.167173
94070 2356 -0.00736286
94080 2357 -0.0813608
94081 2357 0.0818805
94082 2357 0.840245
94083 2357 0.113701
94084 2357 0.0107445
94085 2357 0.070887
94104 2357 0.166273
94105 2357 -0.189557
94106 2357 -0.214469
94110 2357 -0.0117701
94111 2357 -0.137205
94112 2357 -0.006082
94119 2358 -0.162756
94120 2358 -0.0138433
94121 2358 0.113701
94122 2358 0.7929
94123 2358 -0.0840609
94124 2358 0.027453
94143 2358 -0.158195
94144 2358 -0.0676808
94145 2358 -0.244598
94149 2358 -0.0745333
94150 2358 -0.0932257
94151 2358 -0.0208191
94161 2359 0.0394429
94162 2359 0.0744121
94163 2359 0.0107445
94164 2359 -0.0840609
94165 2359 0.755223
94166 2359 0.0585775
94185 2359 -0.0889349
94186 2359 -0.0241835
94187 2359 -0.10338
94191 2359 -0.0693118
94192 2359 -0.060393
94193 2359 -0.0123461
94203 2360 -0.0201407
94204 2360 0.0353134
94205 2360 0.070887
94206 2360 0.027453
94207 2360 0.0585775
94208 2360 0.747433
94227 2360 -0.187233
94228 2360 -0.0390985
94229 2360 -0.2565
94233 2360 -0.0670725
94234 2360 -0.0591346
94235 2360 -0.0165569
103743 2607 1
103744 2607 0
103745 2607 0
103749 2607 0
103750 2607 0
103751 2607 0
103764 2607 0
103765 2607 0
103766 2607 0
103776 2607 0
103777 2607 0
103778 2607 0
103788 2608 0
103789 2608 1
103790 2608 0
103794 2608 0
103795 2608 0
103796 2608 0
103809 2608 0
103810 2608 0
103811 2608 0
103821 2608 0
103822 2608 0
103823 2608 0
103833 2609 0
103834 2609 0
103835 2609 1
103839 2609 0
103840 2609 0
103841 2609 0
103854 2609 0
103855 2609 0
103856 2609 0
103866 2609 0
103867 2609 0
103868 2609 0
105222 2646 0
105223 2646 0
105224 2646 0
105228 2646 1
105229 2646 0
105230 2646 0
105243 2646 0
105244 2646 0
105245 2646 0
105255 2646 0
105256 2646 0
105257 2646 0
105267 2647 0
105268 2647 0
105269 2647 0
105273 2647 0
105274 2647 1
105275 2647 0
105288 2647 0
105289 2647 0
105290 2647 0
105300 2647 0
105301 2647 0
105302 2647 0
105312 2648 0
105313 2648 0
105314 2648 0
105318 2648 0
105319 2648 0
105320 2648 1
105333 2648 0
105334 2648 0
105335 2648 0
105345 2648 0
105346 2648 0
105347 2648 0
300264 7611 -0.0656964
300265 7611 0.116388
300266 7611 0.166273
300267 7611 -0.158195
300268 7611 -0.0889349
300269 7611 -0.187233
300270 7611 0
300271 7611 0
300272 7611 0
300276 7611 0
300277 7611 0
300278 7611 0
300291 7611 1.11127
300292 7611 -0.266987
300293 7611 0.11194
300297 7611 -0.0320461
300298 7611 -0.0727873
300299 7611 0.0145324
300300 7611 0.122543
300301 7611 0.0411272
300302 7611 0.0780837
300309 7612 0.0409748
300310 7612 -0.159944
300311 7612 -0.189557
300312 7612 -0.0676808
300313 7612 -0.0241835
300314 7612 -0.0390985
300315 7612 0
300316 7612 0
300317 7612 0
300321 7612 0
300322 7612 0
300323 7612 0
300336 7612 -0.266987
300337 7612 1.08459
300338 7612 0.00915122
300342 7612 -0.105202
300343 7612 -0.00520029
300344 7612 0.0323354
300345 7612 -0.0608194
300346 7612 0.0225578
300347 7612 -0.12719
300354 7613 0.143618
300355 7613 -0.0187146
300356 7613 -0.214469
300357 7613 -0.244598
300358 7613 -0.10338
300359 7613 -0.2565
300360 7613 0
300361 7613 0
300362 7613 0
300366 7613 0
300367 7613 0
300368 7613 0
300381 7613 0.11194
300382 7613 0.00915122
300383 7613 1.2387
300387 7613 0.0344585
300388 7613 0.080742
300389 7613 0.0380417
300390 7613 0.0106668
300391 7613 -0.0956152
300392 7613 -0.140061
301401 7641 -0.034674
301402 7641 -0.0138018
301403 7641 -0.0117701
301404 7641 -0.0745333
301405 7641 -0.0693118
301406 7641 -0.0670725
301416 7641 -0.0320461
301417 7641 -0.105202
301418 7641 0.0344585
301422 7641 0.468798
301423 7641 0.0394897
301424 7641 -0.108471
301428 7642 0.154162
301429 7642 -0.167173
301430 7642 -0.137205
301431 7642 -0.0932257
301432 7642 -0.060393
301433 7642 -0.0591346
301443 7642 -0.0727873
301444 7642 -0.00520029
301445 7642 0.080742
301449 7642 0.0394897
301450 7642 0.426989
301451 7642 -0.080987
301455 7643 -0.0276291
301456 7643 -0.00736286
301457 7643 -0.006082
301458 7643 -0.0208191
301459 7643 -0.0123461
301460 7643 -0.0165569
301470 7643 0.0145324
301471 7643 0.0323354
301472 7643 0.0380417
301476 7643 -0.108471
301477 7643 -0.080987
301478 7643 0.260772
311418 7899 0
311419 7899 0
311420 7899 0
311424 7899 0
311425 7899 0
311426 7899 0
311442 7899 0.122543
311443 7899 -0.0608194
311444 7899 0.0106668
311451 7899 1.19311
311452 7899 0.00808606
311453 7899 0.153355
311463 7900 0
311464 7900 0
311465 7900 0
311469 7900 0
311470 7900 0
311471 7900 0
311487 7900 0.0411272
311488 7900 0.0225578
311489 7900 -0.0956152
311496 7900 0.00808606
311497 7900 1.04096
311498 7900 -0.0734466
311508 7901 0
311509 7901 0
311510 7901 0
311514 7901 0
311515 7901 0
311516 7901 0
311532 7901 0.0780837
311533 7901 -0.12719
311534 7901 -0.140061
311541 7901 0.153355
311542 7901 -0.0734466
311543 7901 1.20049
