90009 2259 1.14509
90010 2259 -0.00226254
90011 2259 0.000121999
90012 2259 -0.155544
90013 2259 -0.0933427
90014 2259 0.0890766
90036 2259 -0.0930465
90037 2259 0.0768637
90038 2259 0.194817
90042 2259 -0.360138
90043 2259 0.163107
90044 2259 -0.116864
90054 2260 -0.00226254
90055 2260 1.14417
90056 2260 -0.00143811
90057 2260 -0.0932734
90058 2260 0.0768575
90059 2260 0.0322826
90081 2260 0.0753189
90082 2260 -0.03101
90083 2260 -0.127883
90087 2260 0.167743
90088 2260 -0.0515154
90089 2260 0.0509526
90099 2261 0.000121999
90100 2261 -0.00143811
90101 2261 1.14529
90102 2261 0.0895115
90103 2261 0.0301219
90104 2261 0.0799892
90126 2261 0.191198
90127 2261 -0.128847
90128 2261 -0.303845
90132 2261 -0.120359
90133 2261 0.0510218
90134 2261 -0.0141972
90141 2262 -0.155544
90142 2262 -0.0932734
90143 2262 0.0895115
90144 2262 1.14587
90145 2262 -0.00232615
90146 2262 -0.000115168
90168 2262 -0.132292
90169 2262 -0.188486
90170 2262 -0.124699
90174 2262 0.00947944
90175 2262 -0.0586433
90176 2262 0.0484428
90186 2263 -0.0933427
90187 2263 0.0768575
90188 2263 0.0301219
90189 2263 -0.00232615
90190 2263 1.14353
90191 2263 -0.00432334
90213 2263 -0.188072
90214 2263 -0.210275
90215 2263 -0.152739
90219 2263 -0.0553741
90220 2263 -0.269173
90221 2263 0.238226
90231 2264 0.0890766
90232 2264 0.0322826
90233 2264 0.0799892
90234 2264 -0.000115168
90235 2264 -0.00432334
90236 2264 1.14515
90258 2264 -0.128307
90259 2264 -0.158286
90260 2264 -0.0820498
90264 2264 0.0444684
90265 2264 0.232804
90266 2264 -0.171076
92151 2310 1.14941
92152 2310 -0.00154186
92153 2310 0.000489622
92160 2310 0.0819443
92161 2310 0.0921142
92162 2310 0.013073
92175 2310 -0.127572
92176 2310 -0.186722
92177 2310 -0.121499
92178 2310 -0.092499
92179 2310 0.0755065
92180 2310 0.195841
92196 2311 -0.00154186
92197 2311 1.13542
92198 2311 0.00199994
92205 2311 0.0916298
92206 2311 -0.179187
92207 2311 -0.0534772
92220 2311 -0.187969
92221 2311 -0.219033
92222 2311 -0.153682
92223 2311 0.0714237
92224 2311 -0.0255689
92225 2311 -0.123557
92241 2312 0.000489622
92242 2312 0.00199994
92243 2312 1.14973
92250 2312 0.0183372
92251 2312 -0.0532859
92252 2312 0.0990065
92265 2312 -0.125358
92266 2312 -0.160065
92267 2312 -0.0814001
92268 2312 0.190843
92269 2312 -0.126222
92270 2312 -0.309648
92763 2325 1.1694
92764 2325 0.0302949
92765 2325 -0.0314533
92769 2325 0.107486
92770 2325 0.00396356
92771 2325 -0.0263083
92793 2325 -0.154846
92794 2325 -0.170403
92795 2325 0.115014
92796 2325 -0.102865
92797 2325 0.180798
92798 2325 -0.0901272
92808 2326 0.0302949
92809 2326 1.14792
92810 2326 0.00955792
92814 2326 0.0114383
92815 2326 0.0878469
92816 2326 0.0837951
92838 2326 -0.217083
92839 2326 -0.178134
92840 2326 0.14688
92841 2326 0.1895
92842 2326 -0.262294
92843 2326 0.15477
92853 2327 -0.0314533
92854 2327 0.00955792
92855 2327 1.11724
92859 2327 -0.0161185
92860 2327 0.0847904
92861 2327 -0.186624
92883 2327 0.174351
92884 2327 0.165211
92885 2327 -0.0975237
92886 2327 -0.0910301
92887 2327 0.141872
92888 2327 -0.0633532
94116 2358 0.107486
94117 2358 0.0114383
94118 2358 -0.0161185
94122 2358 0.795163
94123 2358 -0.084496
94124 2358 0.0387852
94143 2358 -0.10107
94144 2358 -0.0106716
94145 2358 -0.230465
94146 2358 -0.129241
94147 2358 0.0967902
94148 2358 0.182428
94158 2359 0.00396356
94159 2359 0.0878469
94160 2359 0.0847904
94164 2359 -0.084496
94165 2359 0.75467
94166 2359 0.0659912
94185 2359 -0.0193179
94186 2359 0.00844102
94187 2359 -0.0139599
94188 2359 0.110958
94189 2359 -0.0741444
94190 2359 -0.139382
94200 2360 -0.0263083
94201 2360 0.0837951
94202 2360 -0.186624
94206 2360 0.0387852
94207 2360 0.0659912
94208 2360 0.745723
94227 2360 -0.191189
94228 2360 0.00413325
94229 2360 -0.333175
94230 2360 0.209269
94231 2360 -0.147112
94232 2360 -0.224816
100314 2520 1.15296
100315 2520 0.00270372
100316 2520 -0.0011835
100320 2520 0.0813144
100321 2520 -0.000207922
100322 2520 -0.0978829
100332 2520 -0.0780496
100333 2520 0.107646
100334 2520 0.158951
100344 2520 0.00442929
100345 2520 -0.0655563
100346 2520 0.075548
100359 2521 0.00270372
100360 2521 1.14494
100361 2521 -0.0035638
100365 2521 -0.00592852
100366 2521 0.110032
100367 2521 -0.0281957
100377 2521 0.133382
100378 2521 -0.10876
100379 2521 -0.186087
100389 2521 -0.0675539
100390 2521 -0.168391
100391 2521 0.23551
100404 2522 -0.0011835
100405 2522 -0.0035638
100406 2522 1.13665
100410 2522 -0.0874373
100411 2522 -0.0196754
100412 2522 -0.183995
100422 2522 0.166401
100423 2522 -0.17136
100424 2522 -0.233115
100434 2522 0.085026
100435 2522 0.22141
100436 2522 -0.26007
102261 2568 0.0813144
102262 2568 -0.00592852
102263 2568 -0.0874373
102267 2568 1.15035
102268 2568 -0.00318372
102269 2568 0.0121502
102270 2568 -0.171284
102271 2568 -0.088753
102272 2568 0.0856904
102279 2568 -0.287888
102280 2568 0.191591
102281 2568 -0.146134
102288 2568 -0.153858
102289 2568 -0.165283
102290 2568 -0.149354
102291 2568 -0.134901
102292 2568 -0.21446
102293 2568 -0.0909496
102300 2568 -0.314832
102301 2568 0.154876
102302 2568 -0.149825
102306 2569 -0.000207922
102307 2569 0.110032
102308 2569 -0.0196754
102312 2569 -0.00318372
102313 2569 1.14866
102314 2569 0.0116559
102315 2569 -0.0794017
102316 2569 0.0831481
102317 2569 0.0210548
102324 2569 0.176469
102325 2569 -0.0858001
102326 2569 0.0881709
102333 2569 -0.17835
102334 2569 -0.175368
102335 2569 -0.17088
102336 2569 -0.201422
102337 2569 -0.245413
102338 2569 -0.118022
102345 2569 0.168393
102346 2569 -0.0606467
102347 2569 0.081446
102351 2570 -0.0978829
102352 2570 -0.0281957
102353 2570 -0.183995
102357 2570 0.0121502
102358 2570 0.0116559
102359 2570 1.13554
102360 2570 0.0727426
102361 2570 0.022184
102362 2570 0.087099
102369 2570 -0.152728
102370 2570 0.0966474
102371 2570 -0.0503475
102378 2570 -0.137649
102379 2570 -0.137965
102380 2570 -0.109498
102381 2570 -0.123834
102382 2570 -0.155229
102383 2570 -0.0577961
102390 2570 -0.148069
102391 2570 0.0757708
102392 2570 -0.0481242
102393 2571 -0.171284
102394 2571 -0.0794017
102395 2571 0.0727426
102396 2571 0.261218
102397 2571 0.0409898
102398 2571 -0.0379009
102402 2571 -0.00927005
102403 2571 0.078561
102404 2571 0.103262
102408 2571 0.0258208
102409 2571 -0.0634258
102410 2571 0.0562825
102411 2572 -0.088753
102412 2572 0.0831481
102413 2572 0.022184
102414 2572 0.0409898
102415 2572 0.159842
102416 2572 -0.0141336
102420 2572 0.00937379
102421 2572 -0.0221543
102422 2572 -0.0218
102426 2572 0.0289748
102427 2572 -0.0920418
102428 2572 0.0783637
102429 2573 0.0856904
102430 2573 0.0210548
102431 2573 0.087099
102432 2573 -0.0379009
102433 2573 -0.0141336
102434 2573 0.166
102438 2573 0.00903356
102439 2573 -0.0706228
102440 2573 -0.110967
102444 2573 -0.0287718
102445 2573 0.0817039
102446 2573 -0.0764484
103176 2592 0.0819443
103177 2592 0.0916298
103178 2592 0.0183372
103185 2592 1.14857
103186 2592 -0.00109549
103187 2592 -0.00235072
103197 2592 -0.366988
103198 2592 0.170966
103199 2592 -0.109408
103200 2592 0.0127569
103201 2592 -0.0463863
103202 2592 0.0389336
103221 2593 0.0921142
103222 2593 -0.179187
103223 2593 -0.0532859
103230 2593 -0.00109549
103231 2593 1.13893
103232 2593 -0.00152033
103242 2593 0.168458
103243 2593 -0.054042
103244 2593 0.0478209
103245 2593 -0.0526836
103246 2593 -0.269469
103247 2593 0.234217
103266 2594 0.013073
103267 2594 -0.0534772
103268 2594 0.0990065
103275 2594 -0.00235072
103276 2594 -0.00152033
103277 2594 1.14706
103287 2594 -0.103376
103288 2594 0.0460111
103289 2594 -0.00644738
103290 2594 0.0427717
103291 2594 0.240047
103292 2594 -0.171929
105228 2646 1
105229 2646 0
105230 2646 0
105231 2646 0
105232 2646 0
105233 2646 0
105243 2646 0
105244 2646 0
105245 2646 0
105249 2646 0
105250 2646 0
105251 2646 0
105273 2647 0
105274 2647 1
105275 2647 0
105276 2647 0
105277 2647 0
105278 2647 0
105288 2647 0
105289 2647 0
105290 2647 0
105294 2647 0
105295 2647 0
105296 2647 0
105318 2648 0
105319 2648 0
105320 2648 1
105321 2648 0
105322 2648 0
105323 2648 0
105333 2648 0
105334 2648 0
105335 2648 0
105339 2648 0
105340 2648 0
105341 2648 0
105360 2649 0
105361 2649 0
105362 2649 0
105363 2649 0.777173
105364 2649 -0.10451
105365 2649 -0.0303854
105372 2649 -0.0905676
105373 2649 0.114076
105374 2649 0.0244579
105378 2649 -0.150653
105379 2649 0.0344693
105380 2649 0.0423737
105402 2650 0
105403 2650 0
105404 2650 0
105405 2650 -0.10451
105406 2650 1.02667
105407 2650 -0.0797446
105414 2650 0.157472
105415 2650 -0.352402
105416 2650 0.0390057
105420 2650 0.227942
105421 2650 -0.0422605
105422 2650 -0.0945311
105444 2651 0
105445 2651 0
105446 2651 0
105447 2651 -0.0303854
105448 2651 -0.0797446
105449 2651 0.634089
105456 2651 -0.10821
105457 2651 0.103514
105458 2651 0.00936903
105462 2651 0.023462
105463 2651 -0.0149369
105464 2651 -0.0278422
110097 2772 1.15039
110098 2772 -0.000591035
110099 2772 0.000194837
110100 2772 -0.154385
110101 2772 -0.0757821
110102 2772 0.106068
110112 2772 0.00897131
110113 2772 -0.0619921
110114 2772 0.0532
110118 2772 -0.156987
110119 2772 -0.207298
110120 2772 -0.120513
110142 2773 -0.000591035
110143 2773 1.13526
110144 2773 -0.0038309
110145 2773 -0.0751072
110146 2773 0.0878446
110147 2773 0.0308474
110157 2773 -0.0647556
110158 2773 -0.240445
110159 2773 0.23129
110163 2773 -0.204313
110164 2773 -0.213543
110165 2773 -0.137836
110187 2774 0.000194837
110188 2774 -0.0038309
110189 2774 1.14891
110190 2774 0.106463
110191 2774 0.03028
110192 2774 0.0670311
110202 2774 0.0605133
110203 2774 0.241276
110204 2774 -0.194617
110208 2774 -0.114991
110209 2774 -0.132647
110210 2774 -0.0578775
110229 2775 -0.154385
110230 2775 -0.0751072
110231 2775 0.106463
110232 2775 1.14599
110233 2775 0.00122037
110234 2775 -6.26417e-05
110244 2775 -0.347336
110245 2775 0.183483
110246 2775 -0.111451
110250 2775 -0.0673743
110251 2775 0.0767316
110252 2775 0.171541
110274 2776 -0.0757821
110275 2776 0.0878446
110276 2776 0.03028
110277 2776 0.00122037
110278 2776 1.13938
110279 2776 -0.00693716
110289 2776 0.181895
110290 2776 -0.0700397
110291 2776 0.0545016
110295 2776 0.0785315
110296 2776 -0.0475156
110297 2776 -0.153299
110319 2777 0.106068
110320 2777 0.0308474
110321 2777 0.0670311
110322 2777 -6.26417e-05
110323 2777 -0.00693716
110324 2777 1.14919
110334 2777 -0.107182
110335 2777 0.0525653
110336 2777 -0.0108463
110340 2777 0.174203
110341 2777 -0.151303
110342 2777 -0.312851
125568 3153 0.136637
125569 3153 -0.00639877
125570 3153 -0.00403818
125571 3153 0.105277
125572 3153 0.0151328
125573 3153 -0.00808749
125574 3153 -0.0676384
125575 3153 -0.0277232
125576 3153 -0.0361045
125577 3153 -0.0492789
125578 3153 0.0150192
125579 3153 0.0535273
125586 3154 -0.00639877
125587 3154 0.284376
125588 3154 -0.0182994
125589 3154 0.0217469
125590 3154 -0.209957
125591 3154 0.0439096
125592 3154 -0.12922
125593 3154 -0.0436581
125594 3154 -0.0837472
125595 3154 0.085802
125596 3154 -0.0217755
125597 3154 -0.12515
125604 3155 -0.00403818
125605 3155 -0.0182994
125606 3155 0.166048
125607 3155 -0.00302012
125608 3155 0.0456001
125609 3155 0.103567
125610 3155 -0.0335854
125611 3155 -0.0131081
125612 3155 -0.0327138
125613 3155 0.0395678
125614 3155 -0.0161027
125615 3155 -0.0681625
131934 3318 0.737333
131935 3318 -0.0351012
131936 3318 0.042866
131940 3318 0.0877408
131941 3318 -0.0242081
131942 3318 -0.074868
131961 3318 0.0037479
131962 3318 -0.0653291
131963 3318 0.10545
131964 3318 -0.28194
131965 3318 0.143292
131966 3318 -0.187211
131970 3319 -0.0351012
131971 3319 0.642466
131972 3319 0.0115963
131976 3319 -0.0140753
131977 3319 0.0926857
131978 3319 -0.0676148
131997 3319 -0.0709259
131998 3319 -0.124236
131999 3319 0.223956
132000 3319 0.133041
132001 3319 -0.0433652
132002 3319 0.0895233
132006 3320 0.042866
132007 3320 0.0115963
132008 3320 0.631008
132012 3320 -0.0754261
132013 3320 -0.077158
132014 3320 -0.179446
132033 3320 0.104077
132034 3320 0.209257
132035 3320 -0.305219
132036 3320 -0.194773
132037 3320 0.0981383
132038 3320 -0.102753
134157 3372 0.0877408
134158 3372 -0.0140753
134159 3372 -0.0754261
134163 3372 1.15348
134164 3372 0.00333302
134165 3372 0.00400654
134187 3372 -0.112271
134188 3372 -0.220417
134189 3372 -0.0588287
134190 3372 -0.1138
134191 3372 0.146885
134192 3372 0.164613
134202 3373 -0.0242081
134203 3373 0.0926857
134204 3373 -0.077158
134208 3373 0.00333302
134209 3373 1.13892
134210 3373 0.0107682
134232 3373 -0.215284
134233 3373 -0.30196
134234 3373 -0.0938204
134235 3373 0.148193
134236 3373 -0.149265
134237 3373 -0.188539
134247 3374 -0.074868
134248 3374 -0.0676148
134249 3374 -0.179446
134253 3374 0.00400654
134254 3374 0.0107682
134255 3374 1.14215
134277 3374 -0.0677804
134278 3374 -0.102981
134279 3374 -0.0142762
134280 3374 0.145321
134281 3374 -0.164119
134282 3374 -0.163507
138969 3486 1.14885
138970 3486 -0.00310222
138971 3486 0.00720119
138972 3486 -0.201212
138973 3486 -0.0181969
138974 3486 0.0627667
138984 3486 -0.0277353
138985 3486 -0.0736652
138986 3486 0.117208
138990 3486 -0.135443
138991 3486 -0.211638
138992 3486 -0.0708093
139014 3487 -0.00310222
139015 3487 1.13925
139016 3487 0.00429601
139017 3487 -0.0190991
139018 3487 0.107781
139019 3487 0.00944293
139029 3487 -0.0704354
139030 3487 -0.0901723
139031 3487 0.18347
139035 3487 -0.223689
139036 3487 -0.280116
139037 3487 -0.0991915
139059 3488 0.00720119
139060 3488 0.00429601
139061 3488 1.14645
139062 3488 0.0683949
139063 3488 -0.000686649
139064 3488 0.0937772
139074 3488 0.128571
139075 3488 0.199781
139076 3488 -0.306567
139080 3488 -0.0700879
139081 3488 -0.107612
139082 3488 -0.014314
139095 3489 0.105277
139096 3489 0.0217469
139097 3489 -0.00302012
139101 3489 -0.201212
139102 3489 -0.0190991
139103 3489 0.0683949
139104 3489 1.16462
139105 3489 -0.00552596
139106 3489 0.00903879
139116 3489 -0.263281
139117 3489 0.149249
139118 3489 -0.194103
139119 3489 -0.0698607
139120 3489 -0.103149
139121 3489 0.146844
139122 3489 -0.105678
139123 3489 0.16709
139124 3489 0.148664
139140 3490 0.0151328
139141 3490 -0.209957
139142 3490 0.0456001
139146 3490 -0.0181969
139147 3490 0.107781
139148 3490 -0.000686649
139149 3490 -0.00552596
139150 3490 1.13631
139151 3490 0.00394484
139161 3490 0.153516
139162 3490 -0.0590179
139163 3490 0.110854
139164 3490 -0.0938219
139165 3490 -0.109802
139166 3490 0.175972
139167 3490 0.166228
139168 3490 -0.183335
139169 3490 -0.164479
139185 3491 -0.00808749
139186 3491 0.0439096
139187 3491 0.103567
139191 3491 0.0627667
139192 3491 0.00944293
139193 3491 0.0937772
139194 3491 0.00903879
139195 3491 0.00394484
139196 3491 1.13363
139206 3491 -0.178855
139207 3491 0.100444
139208 3491 -0.107629
139209 3491 0.150381
139210 3491 0.196981
139211 3491 -0.242946
139212 3491 0.161693
139213 3491 -0.187222
139214 3491 -0.137175
168615 4215 1
168616 4215 0
168617 4215 0
168624 4215 0
168625 4215 0
168626 4215 0
168642 4215 0
168643 4215 0
168644 4215 0
168648 4215 0
168649 4215 0
168650 4215 0
168660 4216 0
168661 4216 1
168662 4216 0
168669 4216 0
168670 4216 0
168671 4216 0
168687 4216 0
168688 4216 0
168689 4216 0
168693 4216 0
168694 4216 0
168695 4216 0
168705 4217 0
168706 4217 0
168707 4217 1
168714 4217 0
168715 4217 0
168716 4217 0
168732 4217 0
168733 4217 0
168734 4217 0
168738 4217 0
168739 4217 0
168740 4217 0
177309 4428 1.15558
177310 4428 -0.0148262
177311 4428 -0.0419886
177318 4428 0.0815353
177319 4428 0.0770047
177320 4428 -0.0452165
177339 4428 -0.0140413
177340 4428 -0.0175302
177341 4428 0.0988927
177342 4428 -0.291315
177343 4428 0.0622612
177344 4428 -0.182244
177354 4429 -0.0148262
177355 4429 1.13602
177356 4429 0.0341882
177363 4429 0.0721629
177364 4429 -0.118354
177365 4429 0.116025
177384 4429 -0.0265025
177385 4429 -0.0114283
177386 4429 0.0567668
177387 4429 0.0562886
177388 4429 0.00277801
177389 4429 0.0439925
177399 4430 -0.0419886
177400 4430 0.0341882
177401 4430 1.14295
177408 4430 -0.0534473
177409 4430 0.130633
177410 4430 0.0450717
177429 4430 0.124501
177430 4430 0.0460274
177431 4430 -0.3973
177432 4430 -0.214873
177433 4430 0.0678987
177434 4430 -0.142091
180954 4512 0
180955 4512 0
180956 4512 0
180960 4512 1
180961 4512 0
180962 4512 0
180969 4512 0
180970 4512 0
180971 4512 0
180975 4512 0
180976 4512 0
180977 4512 0
180987 4513 0
180988 4513 0
180989 4513 0
180993 4513 0
180994 4513 1
180995 4513 0
181002 4513 0
181003 4513 0
181004 4513 0
181008 4513 0
181009 4513 0
181010 4513 0
181020 4514 0
181021 4514 0
181022 4514 0
181026 4514 0
181027 4514 0
181028 4514 1
181035 4514 0
181036 4514 0
181037 4514 0
181041 4514 0
181042 4514 0
181043 4514 0
187956 4689 0.0815353
187957 4689 0.0721629
187958 4689 -0.0534473
187965 4689 1.17288
187966 4689 -0.0137213
187967 4689 -0.0109443
187983 4689 -0.105207
187984 4689 0.225235
187985 4689 0.0353408
187986 4689 -0.118726
187987 4689 -0.215918
187988 4689 -0.00218862
188001 4690 0.0770047
188002 4690 -0.118354
188003 4690 0.130633
188010 4690 -0.0137213
188011 4690 1.15921
188012 4690 -0.00925157
188028 4690 0.186177
188029 4690 -0.284629
188030 4690 -0.0870299
188031 4690 -0.234531
188032 4690 -0.327663
188033 4690 -0.0132081
188046 4691 -0.0452165
188047 4691 0.116025
188048 4691 0.0450717
188055 4691 -0.0109443
188056 4691 -0.00925157
188057 4691 1.10246
188073 4691 0.100705
188074 4691 -0.145886
188075 4691 -0.0159416
188076 4691 -0.00391953
188077 4691 -0.00981136
188078 4691 0.0233059
295854 7503 -0.0930465
295855 7503 0.0753189
295856 7503 0.191198
295857 7503 -0.132292
295858 7503 -0.188072
295859 7503 -0.128307
295881 7503 1.14337
295882 7503 0.00489325
295883 7503 -0.00188017
295887 7503 0.0672148
295888 7503 0.00850465
295889 7503 -0.10659
295899 7504 0.0768637
295900 7504 -0.03101
295901 7504 -0.128847
295902 7504 -0.188486
295903 7504 -0.210275
295904 7504 -0.158286
295926 7504 0.00489325
295927 7504 1.14376
295928 7504 -0.00603198
295932 7504 0.00979864
295933 7504 0.110041
295934 7504 0.019812
295944 7505 0.194817
295945 7505 -0.127883
295946 7505 -0.303845
295947 7505 -0.124699
295948 7505 -0.152739
295949 7505 -0.0820498
295971 7505 -0.00188017
295972 7505 -0.00603198
295973 7505 1.14743
295977 7505 -0.108563
295978 7505 0.0161459
295979 7505 -0.1771
296916 7530 -0.0780496
296917 7530 0.133382
296918 7530 0.166401
296922 7530 -0.287888
296923 7530 0.176469
296924 7530 -0.152728
296934 7530 1.14572
296935 7530 0.0132993
296936 7530 -0.000445121
296943 7530 0.100945
296944 7530 0.0484983
296945 7530 0.000834938
296961 7531 0.107646
296962 7531 -0.10876
296963 7531 -0.17136
296967 7531 0.191591
296968 7531 -0.0858001
296969 7531 0.0966474
296979 7531 0.0132993
296980 7531 1.15271
296981 7531 -0.0418439
296988 7531 0.0615717
296989 7531 -0.211071
296990 7531 0.0141713
297006 7532 0.158951
297007 7532 -0.186087
297008 7532 -0.233115
297012 7532 -0.146134
297013 7532 0.0881709
297014 7532 -0.0503475
297024 7532 -0.000445121
297025 7532 -0.0418439
297026 7532 1.13612
297033 7532 0.00433028
297034 7532 0.00398131
297035 7532 0.106008
297828 7551 -0.360138
297829 7551 0.167743
297830 7551 -0.120359
297831 7551 0.00947944
297832 7551 -0.0553741
297833 7551 0.0444684
297837 7551 -0.127572
297838 7551 -0.187969
297839 7551 -0.125358
297849 7551 -0.366988
297850 7551 0.168458
297851 7551 -0.103376
297855 7551 0.0672148
297856 7551 0.00979864
297857 7551 -0.108563
297861 7551 1.14204
297862 7551 0.00816463
297863 7551 0.00280503
297864 7551 -0.148951
297865 7551 -0.0970266
297866 7551 0.0927513
297873 7552 0.163107
297874 7552 -0.0515154
297875 7552 0.0510218
297876 7552 -0.0586433
297877 7552 -0.269173
297878 7552 0.232804
297882 7552 -0.186722
297883 7552 -0.219033
297884 7552 -0.160065
297894 7552 0.170966
297895 7552 -0.054042
297896 7552 0.0460111
297900 7552 0.00850465
297901 7552 0.110041
297902 7552 0.0161459
297906 7552 0.00816463
297907 7552 1.1471
297908 7552 -0.00396934
297909 7552 -0.0951294
297910 7552 0.0741879
297911 7552 0.0350218
297918 7553 -0.116864
297919 7553 0.0509526
297920 7553 -0.0141972
297921 7553 0.0484428
297922 7553 0.238226
297923 7553 -0.171076
297927 7553 -0.121499
297928 7553 -0.153682
297929 7553 -0.0814001
297939 7553 -0.109408
297940 7553 0.0478209
297941 7553 -0.00644738
297945 7553 -0.10659
297946 7553 0.019812
297947 7553 -0.1771
297951 7553 0.00280503
297952 7553 -0.00396934
297953 7553 1.14542
297954 7553 0.0954183
297955 7553 0.0339279
297956 7553 0.0752234
297969 7554 -0.092499
297970 7554 0.0714237
297971 7554 0.190843
297981 7554 0.0127569
297982 7554 -0.0526836
297983 7554 0.0427717
297993 7554 -0.148951
297994 7554 -0.0951294
297995 7554 0.0954183
297996 7554 1.14693
297997 7554 0.000384462
297998 7554 -0.00100754
298014 7555 0.0755065
298015 7555 -0.0255689
298016 7555 -0.126222
298026 7555 -0.0463863
298027 7555 -0.269469
298028 7555 0.240047
298038 7555 -0.0970266
298039 7555 0.0741879
298040 7555 0.0339279
298041 7555 0.000384462
298042 7555 1.1425
298043 7555 -0.000666671
298059 7556 0.195841
298060 7556 -0.123557
298061 7556 -0.309648
298071 7556 0.0389336
298072 7556 0.234217
298073 7556 -0.171929
298083 7556 0.0927513
298084 7556 0.0350218
298085 7556 0.0752234
298086 7556 -0.00100754
298087 7556 -0.000666671
298088 7556 1.14512
298953 7578 -0.153858
298954 7578 -0.17835
298955 7578 -0.137649
298956 7578 -0.00927005
298957 7578 0.00937379
298958 7578 0.00903356
298971 7578 0.487308
298972 7578 4.45318e-05
298973 7578 0.025516
298974 7578 0.0528724
298975 7578 -0.0186344
298976 7578 -0.00843931
298986 7579 -0.165283
298987 7579 -0.175368
298988 7579 -0.137965
298989 7579 0.078561
298990 7579 -0.0221543
298991 7579 -0.0706228
299004 7579 4.45318e-05
299005 7579 0.557303
299006 7579 -0.00884983
299007 7579 0.0877501
299008 7579 -0.0937461
299009 7579 0.012397
299019 7580 -0.149354
299020 7580 -0.17088
299021 7580 -0.109498
299022 7580 0.103262
299023 7580 -0.0218
299024 7580 -0.110967
299037 7580 0.025516
299038 7580 -0.00884983
299039 7580 0.539072
299040 7580 0.0211448
299041 7580 -0.0531735
299042 7580 0.0506474
300261 7611 -0.154846
300262 7611 -0.217083
300263 7611 0.174351
300267 7611 -0.10107
300268 7611 -0.0193179
300269 7611 -0.191189
300276 7611 0
300277 7611 0
300278 7611 0
300279 7611 -0.0905676
300280 7611 0.157472
300281 7611 -0.10821
300291 7611 1.09443
300292 7611 -0.253039
300293 7611 0.0753923
300294 7611 -0.205544
300295 7611 0.0442771
300296 7611 -0.0217272
300297 7611 -0.06201
300298 7611 -0.109447
300299 7611 0.0219345
300306 7612 -0.170403
300307 7612 -0.178134
300308 7612 0.165211
300312 7612 -0.0106716
300313 7612 0.00844102
300314 7612 0.00413325
300321 7612 0
300322 7612 0
300323 7612 0
300324 7612 0.114076
300325 7612 -0.352402
300326 7612 0.103514
300336 7612 -0.253039
300337 7612 1.14621
300338 7612 -0.0151582
300339 7612 0.0737996
300340 7612 0.106988
300341 7612 0.00453925
300342 7612 -0.126199
300343 7612 0.0192987
300344 7612 0.0309689
300351 7613 0.115014
300352 7613 0.14688
300353 7613 -0.0975237
300357 7613 -0.230465
300358 7613 -0.0139599
300359 7613 -0.333175
300366 7613 0
300367 7613 0
300368 7613 0
300369 7613 0.0244579
300370 7613 0.0390057
300371 7613 0.00936903
300381 7613 0.0753923
300382 7613 -0.0151582
300383 7613 1.19391
300384 7613 -0.00751564
300385 7613 -0.00149268
300386 7613 0.100659
300387 7613 0.0599458
300388 7613 0.0608674
300389 7613 0.0671935
300393 7614 -0.102865
300394 7614 0.1895
300395 7614 -0.0910301
300399 7614 -0.129241
300400 7614 0.110958
300401 7614 0.209269
300423 7614 -0.205544
300424 7614 0.0737996
300425 7614 -0.00751564
300426 7614 1.18575
300427 7614 0.0248508
300428 7614 0.010356
300438 7615 0.180798
300439 7615 -0.262294
300440 7615 0.141872
300444 7615 0.0967902
300445 7615 -0.0741444
300446 7615 -0.147112
300468 7615 0.0442771
300469 7615 0.106988
300470 7615 -0.00149268
300471 7615 0.0248508
300472 7615 1.14133
300473 7615 0.00547417
300483 7616 -0.0901272
300484 7616 0.15477
300485 7616 -0.0633532
300489 7616 0.182428
300490 7616 -0.139382
300491 7616 -0.224816
300513 7616 -0.0217272
300514 7616 0.00453925
300515 7616 0.100659
300516 7616 0.010356
300517 7616 0.00547417
300518 7616 1.10747
301407 7641 0
301408 7641 0
301409 7641 0
301410 7641 -0.150653
301411 7641 0.227942
301412 7641 0.023462
301416 7641 -0.06201
301417 7641 -0.126199
301418 7641 0.0599458
301422 7641 0.43786
301423 7641 0.00320521
301424 7641 -0.117658
301434 7642 0
301435 7642 0
301436 7642 0
301437 7642 0.0344693
301438 7642 -0.0422605
301439 7642 -0.0149369
301443 7642 -0.109447
301444 7642 0.0192987
301445 7642 0.0608674
301449 7642 0.00320521
301450 7642 0.425629
301451 7642 -0.0393269
301461 7643 0
301462 7643 0
301463 7643 0
301464 7643 0.0423737
301465 7643 -0.0945311
301466 7643 -0.0278422
301470 7643 0.0219345
301471 7643 0.0309689
301472 7643 0.0671935
301476 7643 -0.117658
301477 7643 -0.0393269
301478 7643 0.293069
304983 7743 0.00897131
304984 7743 -0.0647556
304985 7743 0.0605133
304986 7743 -0.347336
304987 7743 0.181895
304988 7743 -0.107182
304998 7743 1.14302
304999 7743 0.0104742
305000 7743 0.00465161
305004 7743 0.0631881
305005 7743 0.00791031
305006 7743 -0.112107
305028 7744 -0.0619921
305029 7744 -0.240445
305030 7744 0.241276
305031 7744 0.183483
305032 7744 -0.0700397
305033 7744 0.0525653
305043 7744 0.0104742
305044 7744 1.14461
305045 7744 0.0060212
305049 7744 0.00534038
305050 7744 0.109797
305051 7744 0.0130695
305073 7745 0.0532
305074 7745 0.23129
305075 7745 -0.194617
305076 7745 -0.111451
305077 7745 0.0545016
305078 7745 -0.0108463
305088 7745 0.00465161
305089 7745 0.0060212
305090 7745 1.14693
305094 7745 -0.11443
305095 7745 0.00977234
305096 7745 -0.17286
306885 7788 -0.156987
306886 7788 -0.204313
306887 7788 -0.114991
306888 7788 -0.0673743
306889 7788 0.0785315
306890 7788 0.174203
306900 7788 0.0631881
306901 7788 0.00534038
306902 7788 -0.11443
306906 7788 1.13989
306907 7788 0.00441622
306908 7788 -0.00102712
306930 7789 -0.207298
306931 7789 -0.213543
306932 7789 -0.132647
306933 7789 0.0767316
306934 7789 -0.0475156
306935 7789 -0.151303
306945 7789 0.00791031
306946 7789 0.109797
306947 7789 0.00977234
306951 7789 0.00441622
306952 7789 1.14748
306953 7789 -0.0020011
306975 7790 -0.120513
306976 7790 -0.137836
306977 7790 -0.0578775
306978 7790 0.171541
306979 7790 -0.153299
306980 7790 -0.312851
306990 7790 -0.112107
306991 7790 0.0130695
306992 7790 -0.17286
306996 7790 -0.00102712
306997 7790 -0.0020011
306998 7790 1.14718
308064 7818 0.00442929
308065 7818 -0.0675539
308066 7818 0.085026
308070 7818 -0.134901
308071 7818 -0.201422
308072 7818 -0.123834
308085 7818 0.100945
308086 7818 0.0615717
308087 7818 0.00433028
308094 7818 1.11809
308095 7818 -0.00232266
308096 7818 0.0273416
308109 7819 -0.0655563
308110 7819 -0.168391
308111 7819 0.22141
308115 7819 -0.21446
308116 7819 -0.245413
308117 7819 -0.155229
308130 7819 0.0484983
308131 7819 -0.211071
308132 7819 0.00398131
308139 7819 -0.00232266
308140 7819 1.16129
308141 7819 -0.0244484
308154 7820 0.075548
308155 7820 0.23551
308156 7820 -0.26007
308160 7820 -0.0909496
308161 7820 -0.118022
308162 7820 -0.0577961
308175 7820 0.000834938
308176 7820 0.0141713
308177 7820 0.106008
308184 7820 0.0273416
308185 7820 -0.0244484
308186 7820 1.15517
310104 7866 -0.314832
310105 7866 0.168393
310106 7866 -0.148069
310107 7866 0.0258208
310108 7866 0.0289748
310109 7866 -0.0287718
310122 7866 0.0528724
310123 7866 0.0877501
310124 7866 0.0211448
310131 7866 0.507441
310132 7866 -0.0215114
310133 7866 0.0282943
310137 7867 0.154876
310138 7867 -0.0606467
310139 7867 0.0757708
310140 7867 -0.0634258
310141 7867 -0.0920418
310142 7867 0.0817039
310155 7867 -0.0186344
310156 7867 -0.0937461
310157 7867 -0.0531735
310164 7867 -0.0215114
310165 7867 0.601081
310166 7867 -0.00965535
310170 7868 -0.149825
310171 7868 0.081446
310172 7868 -0.0481242
310173 7868 0.0562825
310174 7868 0.0783637
310175 7868 -0.0764484
310188 7868 -0.00843931
310189 7868 0.012397
310190 7868 0.0506474
310197 7868 0.0282943
310198 7868 -0.00965535
310199 7868 0.475161
332172 8442 -0.0676384
332173 8442 -0.12922
332174 8442 -0.0335854
332181 8442 -0.0277353
332182 8442 -0.0704354
332183 8442 0.128571
332184 8442 -0.263281
332185 8442 0.153516
332186 8442 -0.178855
332193 8442 0.900547
332194 8442 -0.0214637
332195 8442 -0.0317904
332196 8442 -0.153976
332197 8442 -0.054744
332198 8442 0.0525331
332199 8442 0.0961761
332200 8442 -0.0132611
332201 8442 -0.0601057
332214 8443 -0.0277232
332215 8443 -0.0436581
332216 8443 -0.0131081
332223 8443 -0.0736652
332224 8443 -0.0901723
332225 8443 0.199781
332226 8443 0.149249
332227 8443 -0.0590179
332228 8443 0.100444
332235 8443 -0.0214637
332236 8443 0.696625
332237 8443 0.0509435
332238 8443 0.0352081
332239 8443 0.0562622
332240 8443 0.00840873
332241 8443 0.00511742
332242 8443 0.0421448
332243 8443 -0.00867682
332256 8444 -0.0361045
332257 8444 -0.0837472
332258 8444 -0.0327138
332265 8444 0.117208
332266 8444 0.18347
332267 8444 -0.306567
332268 8444 -0.194103
332269 8444 0.110854
332270 8444 -0.107629
332277 8444 -0.0317904
332278 8444 0.0509435
332279 8444 0.840759
332280 8444 0.0398185
332281 8444 0.0119058
332282 8444 0.0992618
332283 8444 -0.0488505
332284 8444 -0.0980704
332285 8444 -0.138385
332295 8445 -0.0492789
332296 8445 0.085802
332297 8445 0.0395678
332307 8445 -0.0698607
332308 8445 -0.0938219
332309 8445 0.150381
332316 8445 -0.153976
332317 8445 0.0352081
332318 8445 0.0398185
332319 8445 0.896239
332320 8445 0.0497923
332321 8445 -0.0221575
332337 8446 0.0150192
332338 8446 -0.0217755
332339 8446 -0.0161027
332349 8446 -0.103149
332350 8446 -0.109802
332351 8446 0.196981
332358 8446 -0.054744
332359 8446 0.0562622
332360 8446 0.0119058
332361 8446 0.0497923
332362 8446 0.683808
332363 8446 0.0117691
332379 8447 0.0535273
332380 8447 -0.12515
332381 8447 -0.0681625
332391 8447 0.146844
332392 8447 0.175972
332393 8447 -0.242946
332400 8447 0.0525331
332401 8447 0.00840873
332402 8447 0.0992618
332403 8447 -0.0221575
332404 8447 0.0117691
332405 8447 0.857884
334518 8496 -0.135443
334519 8496 -0.223689
334520 8496 -0.0700879
334521 8496 -0.105678
334522 8496 0.166228
334523 8496 0.161693
334530 8496 0.0961761
334531 8496 0.00511742
334532 8496 -0.0488505
334536 8496 0.557877
334537 8496 0.0152184
334538 8496 -0.0489927
334551 8497 -0.211638
334552 8497 -0.280116
334553 8497 -0.107612
334554 8497 0.16709
334555 8497 -0.183335
334556 8497 -0.187222
334563 8497 -0.0132611
334564 8497 0.0421448
334565 8497 -0.0980704
334569 8497 0.0152184
334570 8497 0.555466
334571 8497 0.0527541
334584 8498 -0.0708093
334585 8498 -0.0991915
334586 8498 -0.014314
334587 8498 0.148664
334588 8498 -0.164479
334589 8498 -0.137175
334596 8498 -0.0601057
334597 8498 -0.00867682
334598 8498 -0.138385
334602 8498 -0.0489927
334603 8498 0.0527541
334604 8498 0.47034
341544 8691 0.0037479
341545 8691 -0.0709259
341546 8691 0.104077
341550 8691 -0.112271
341551 8691 -0.215284
341552 8691 -0.0677804
341574 8691 1.12017
341575 8691 0.018949
341576 8691 -0.0187501
341577 8691 -0.175861
341578 8691 -0.0608928
341579 8691 0.0886253
341589 8692 -0.0653291
341590 8692 -0.124236
341591 8692 0.209257
341595 8692 -0.220417
341596 8692 -0.30196
341597 8692 -0.102981
341619 8692 0.018949
341620 8692 1.15127
341621 8692 -0.0089754
341622 8692 -0.0574408
341623 8692 0.0983219
341624 8692 0.0226606
341634 8693 0.10545
341635 8693 0.223956
341636 8693 -0.305219
341640 8693 -0.0588287
341641 8693 -0.0938204
341642 8693 -0.0142762
341664 8693 -0.0187501
341665 8693 -0.0089754
341666 8693 1.16311
341667 8693 0.0946639
341668 8693 0.0122468
341669 8693 0.0800183
341676 8694 -0.28194
341677 8694 0.133041
341678 8694 -0.194773
341682 8694 -0.1138
341683 8694 0.148193
341684 8694 0.145321
341706 8694 -0.175861
341707 8694 -0.0574408
341708 8694 0.0946639
341709 8694 1.13118
341710 8694 0.0167555
341711 8694 -0.0123948
341721 8695 0.143292
341722 8695 -0.0433652
341723 8695 0.0981383
341727 8695 0.146885
341728 8695 -0.149265
341729 8695 -0.164119
341751 8695 -0.0608928
341752 8695 0.0983219
341753 8695 0.0122468
341754 8695 0.0167555
341755 8695 1.15232
341756 8695 -0.00910219
341766 8696 -0.187211
341767 8696 0.0895233
341768 8696 -0.102753
341772 8696 0.164613
341773 8696 -0.188539
341774 8696 -0.163507
341796 8696 0.0886253
341797 8696 0.0226606
341798 8696 0.0800183
341799 8696 -0.0123948
341800 8696 -0.00910219
341801 8696 1.15105
375450 9534 0
375451 9534 0
375452 9534 0
375462 9534 0
375463 9534 0
375464 9534 0
375477 9534 1.32367
375478 9534 -0.00360483
375479 9534 0.078385
375483 9534 0.113187
375484 9534 -0.0805738
375485 9534 -0.18927
375495 9535 0
375496 9535 0
375497 9535 0
375507 9535 0
375508 9535 0
375509 9535 0
375522 9535 -0.00360483
375523 9535 1.24676
375524 9535 0.0511069
375528 9535 0.0453642
375529 9535 -0.025104
375530 9535 -0.199473
375540 9536 0
375541 9536 0
375542 9536 0
375552 9536 0
375553 9536 0
375554 9536 0
375567 9536 0.078385
375568 9536 0.0511069
375569 9536 0.86412
375573 9536 0.0331932
375574 9536 -0.0655578
375575 9536 -0.095101
377334 9579 0
377335 9579 0
377336 9579 0
377346 9579 0
377347 9579 0
377348 9579 0
377358 9579 0.113187
377359 9579 0.0453642
377360 9579 0.0331932
377364 9579 0.600077
377365 9579 -0.0352944
377366 9579 -0.188344
377373 9580 0
377374 9580 0
377375 9580 0
377385 9580 0
377386 9580 0
377387 9580 0
377397 9580 -0.0805738
377398 9580 -0.025104
377399 9580 -0.0655578
377403 9580 -0.0352944
377404 9580 0.675901
377405 9580 0.0011786
377412 9581 0
377413 9581 0
377414 9581 0
377424 9581 0
377425 9581 0
377426 9581 0
377436 9581 -0.18927
377437 9581 -0.199473
377438 9581 -0.095101
377442 9581 -0.188344
377443 9581 0.0011786
377444 9581 1.01958
385284 9795 -0.0140413
385285 9795 -0.0265025
385286 9795 0.124501
385296 9795 -0.105207
385297 9795 0.186177
385298 9795 0.100705
385314 9795 1.3584
385315 9795 0.0366383
385316 9795 -0.00392556
385317 9795 -0.192602
385318 9795 0.00383152
385319 9795 0.0978238
385329 9796 -0.0175302
385330 9796 -0.0114283
385331 9796 0.0460274
385341 9796 0.225235
385342 9796 -0.284629
385343 9796 -0.145886
385359 9796 0.0366383
385360 9796 1.18314
385361 9796 0.0958372
385362 9796 0.00619519
385363 9796 0.107543
385364 9796 0.00251395
385374 9797 0.0988927
385375 9797 0.0567668
385376 9797 -0.3973
385386 9797 0.0353408
385387 9797 -0.0870299
385388 9797 -0.0159416
385404 9797 -0.00392556
385405 9797 0.0958372
385406 9797 0.89301
385407 9797 0.0852839
385408 9797 0.00735454
385409 9797 0.0751058
385416 9798 -0.291315
385417 9798 0.0562886
385418 9798 -0.214873
385428 9798 -0.118726
385429 9798 -0.234531
385430 9798 -0.00391953
385446 9798 -0.192602
385447 9798 0.00619519
385448 9798 0.0852839
385449 9798 1.1173
385450 9798 0.00090768
385451 9798 -0.0277414
385461 9799 0.0622612
385462 9799 0.00277801
385463 9799 0.0678987
385473 9799 -0.215918
385474 9799 -0.327663
385475 9799 -0.00981136
385491 9799 0.00383152
385492 9799 0.107543
385493 9799 0.00735454
385494 9799 0.00090768
385495 9799 1.17385
385496 9799 0.000428813
385506 9800 -0.182244
385507 9800 0.0439925
385508 9800 -0.142091
385518 9800 -0.00218862
385519 9800 -0.0132081
385520 9800 0.0233059
385536 9800 0.0978238
385537 9800 0.00251395
385538 9800 0.0751058
385539 9800 -0.0277414
385540 9800 0.000428813
385541 9800 1.14341
