70074 1758 0.902674
70075 1758 0.00643597
70076 1758 -0.0536889
70080 1758 0.0921163
70081 1758 -0.00258038
70082 1758 -0.0251386
70098 1758 -0.0266097
70099 1758 0.0747857
70100 1758 0.123363
70104 1758 -0.148104
70105 1758 0.124207
70106 1758 -0.117302
70116 1759 0.00643597
70117 1759 0.851269
70118 1759 -0.00206059
70122 1759 0.0300026
70123 1759 -0.17279
70124 1759 0.00743268
70140 1759 0.0809832
70141 1759 -0.10235
70142 1759 -0.203832
70146 1759 0.0863324
70147 1759 -0.058183
70148 1759 0.0533037
70158 1760 -0.0536889
70159 1760 -0.00206059
70160 1760 0.683988
70164 1760 -0.0210323
70165 1760 -0.0584798
70166 1760 0.0560182
70182 1760 0.12167
70183 1760 -0.197347
70184 1760 -0.294052
70188 1760 0.0215724
70189 1760 0.00661005
70190 1760 -0.00205326
82842 2082 0.45925
82843 2082 0.0383132
82844 2082 -0.0290778
82848 2082 0.0609264
82849 2082 0.0388258
82850 2082 0.0312075
82863 2082 -0.0118234
82864 2082 0.00806554
82865 2082 0.072436
82866 2082 -0.107736
82867 2082 0.0489137
82868 2082 -0.0342201
82875 2083 0.0383132
82876 2083 0.530297
82877 2083 -0.0316318
82881 2083 0.030815
82882 2083 -0.0419769
82883 2083 -0.00751005
82896 2083 0.0108582
82897 2083 -0.0313132
82898 2083 -0.0845225
82899 2083 0.0248925
82900 2083 -0.060981
82901 2083 0.0168625
82908 2084 -0.0290778
82909 2084 -0.0316318
82910 2084 0.594135
82914 2084 0.0322056
82915 2084 -0.114678
82916 2084 -0.00982287
82929 2084 0.0605534
82930 2084 -0.0959345
82931 2084 -0.381272
82932 2084 0.0755995
82933 2084 -0.0456738
82934 2084 0.035719
82935 2085 0.0921163
82936 2085 0.0300026
82937 2085 -0.0210323
82944 2085 0.754002
82945 2085 0.00961867
82946 2085 -0.0627814
82956 2085 -0.00384798
82957 2085 -0.0872131
82958 2085 0.0872352
82962 2085 -0.0887142
82963 2085 -0.0560974
82964 2085 -0.0618902
82977 2086 -0.00258038
82978 2086 -0.17279
82979 2086 -0.0584798
82986 2086 0.00961867
82987 2086 0.842122
82988 2086 0.00596626
82998 2086 -0.075799
82999 2086 -0.21175
83000 2086 0.255045
83004 2086 -0.0944393
83005 2086 -0.0680713
83006 2086 -0.0764105
83019 2087 -0.0251386
83020 2087 0.00743268
83021 2087 0.0560182
83028 2087 -0.0627814
83029 2087 0.00596626
83030 2087 0.699433
83040 2087 0.0706551
83041 2087 0.228188
83042 2087 -0.212335
83046 2087 0.0162585
83047 2087 0.00211202
83048 2087 0.010916
93888 2352 0.0609264
93889 2352 0.030815
93890 2352 0.0322056
93894 2352 0.457473
93895 2352 0.0283414
93896 2352 0.018796
93906 2352 0.0196093
93907 2352 0.0394722
93908 2352 -0.0386425
93909 2352 -0.0784535
93910 2352 -0.0374979
93911 2352 -0.0513321
93921 2353 0.0388258
93922 2353 -0.0419769
93923 2353 -0.114678
93927 2353 0.0283414
93928 2353 0.586149
93929 2353 0.030337
93939 2353 0.03643
93940 2353 -0.389019
93941 2353 0.150244
93942 2353 -0.130927
93943 2353 -0.0561429
93944 2353 -0.0870809
93954 2354 0.0312075
93955 2354 -0.00751005
93956 2354 -0.00982287
93960 2354 0.018796
93961 2354 0.030337
93962 2354 0.540062
93972 2354 -0.0290714
93973 2354 0.19874
93974 2354 -0.0375272
93975 2354 -0.023999
93976 2354 -0.00585304
93977 2354 -0.00709727
277296 7008 -0.0266097
277297 7008 0.0809832
277298 7008 0.12167
277308 7008 -0.00384798
277309 7008 -0.075799
277310 7008 0.0706551
277323 7008 1.13467
277324 7008 -0.0144342
277325 7008 -0.00509885
277329 7008 0.049251
277330 7008 0.0043988
277331 7008 -0.127752
277341 7009 0.0747857
277342 7009 -0.10235
277343 7009 -0.197347
277353 7009 -0.0872131
277354 7009 -0.21175
277355 7009 0.228188
277368 7009 -0.0144342
277369 7009 1.16275
277370 7009 -0.0221712
277374 7009 0.0092866
277375 7009 0.108468
277376 7009 0.0194133
277386 7010 0.123363
277387 7010 -0.203832
277388 7010 -0.294052
277398 7010 0.0872352
277399 7010 0.255045
277400 7010 -0.212335
277413 7010 -0.00509885
277414 7010 -0.0221712
277415 7010 1.13714
277419 7010 -0.125653
277420 7010 0.0143553
277421 7010 -0.15804
278766 7047 -0.148104
278767 7047 0.0863324
278768 7047 0.0215724
278775 7047 -0.0887142
278776 7047 -0.0944393
278777 7047 0.0162585
278784 7047 0.049251
278785 7047 0.0092866
278786 7047 -0.125653
278787 7047 0.326302
278788 7047 0.0779608
278789 7047 -0.00262456
278793 7048 0.124207
278794 7048 -0.058183
278795 7048 0.00661005
278802 7048 -0.0560974
278803 7048 -0.0680713
278804 7048 0.00211202
278811 7048 0.0043988
278812 7048 0.108468
278813 7048 0.0143553
278814 7048 0.0779608
278815 7048 0.388257
278816 7048 -0.105105
278820 7049 -0.117302
278821 7049 0.0533037
278822 7049 -0.00205326
278829 7049 -0.0618902
278830 7049 -0.0764105
278831 7049 0.010916
278838 7049 -0.127752
278839 7049 0.0194133
278840 7049 -0.15804
278841 7049 -0.00262456
278842 7049 -0.105105
278843 7049 0.442
288987 7317 -0.0118234
288988 7317 0.0108582
288989 7317 0.0605534
288999 7317 0.0196093
289000 7317 0.03643
289001 7317 -0.0290714
289014 7317 1.13327
289015 7317 -0.078053
289016 7317 0.0159265
289020 7317 -0.0231831
289021 7317 0.0653301
289022 7317 -0.145478
289032 7318 0.00806554
289033 7318 -0.0313132
289034 7318 -0.0959345
289044 7318 0.0394722
289045 7318 -0.389019
289046 7318 0.19874
289059 7318 -0.078053
289060 7318 1.25434
289061 7318 -0.0345192
289065 7318 0.106309
289066 7318 0.0863669
289067 7318 0.0815599
289077 7319 0.072436
289078 7319 -0.0845225
289079 7319 -0.381272
289089 7319 -0.0386425
289090 7319 0.150244
289091 7319 -0.0375272
289104 7319 0.0159265
289105 7319 -0.0345192
289106 7319 1.04694
289110 7319 -0.106693
289111 7319 0.0663756
289112 7319 -0.0607931
290268 7350 -0.107736
290269 7350 0.0248925
290270 7350 0.0755995
290274 7350 -0.0784535
290275 7350 -0.130927
290276 7350 -0.023999
290280 7350 -0.0231831
290281 7350 0.106309
290282 7350 -0.106693
290283 7350 0.189862
290284 7350 0.00652385
290285 7350 0.0841437
290286 7351 0.0489137
290287 7351 -0.060981
290288 7351 -0.0456738
290292 7351 -0.0374979
290293 7351 -0.0561429
290294 7351 -0.00585304
290298 7351 0.0653301
290299 7351 0.0863669
290300 7351 0.0663756
290301 7351 0.00652385
290302 7351 0.17176
290303 7351 -0.0423234
290304 7352 -0.0342201
290305 7352 0.0168625
290306 7352 0.035719
290310 7352 -0.0513321
290311 7352 -0.0870809
290312 7352 -0.00709727
290316 7352 -0.145478
290317 7352 0.0815599
290318 7352 -0.0607931
290319 7352 0.0841437
290320 7352 -0.0423234
290321 7352 0.225437
