83070 2088 0.861583
83071 2088 0.0255673
83072 2088 -0.0213174
83076 2088 0.102913
83077 2088 -0.0365625
83078 2088 -0.020457
83094 2088 -0.033778
83095 2088 0.0713451
83096 2088 0.13565
83100 2088 -0.0818397
83101 2088 0.0689151
83102 2088 -0.0601961
83112 2089 0.0255673
83113 2089 0.837314
83114 2089 0.0839266
83118 2089 -0.0138026
83119 2089 -0.143956
83120 2089 -0.0152571
83136 2089 0.0749046
83137 2089 -0.0819322
83138 2089 -0.169897
83142 2089 0.0756646
83143 2089 -0.0880599
83144 2089 0.0673209
83154 2090 -0.0213174
83155 2090 0.0839266
83156 2090 0.739034
83160 2090 -0.0200329
83161 2090 -0.0999352
83162 2090 0.0411711
83178 2090 0.148999
83179 2090 -0.180421
83180 2090 -0.311699
83184 2090 0.027459
83185 2090 -0.0252545
83186 2090 0.0275538
94113 2358 0.102913
94114 2358 -0.0138026
94115 2358 -0.0200329
94122 2358 0.765109
94123 2358 -0.0990631
94124 2358 0.0272987
94134 2358 -0.0870924
94135 2358 -0.179097
94136 2358 0.141412
94140 2358 -0.0904267
94141 2358 -0.038199
94142 2358 -0.0922769
94155 2359 -0.0365625
94156 2359 -0.143956
94157 2359 -0.0999352
94164 2359 -0.0990631
94165 2359 0.751615
94166 2359 0.0485287
94176 2359 -0.166236
94177 2359 -0.218175
94178 2359 0.198723
94182 2359 -0.0696344
94183 2359 -0.0405148
94184 2359 -0.0841665
94197 2360 -0.020457
94198 2360 -0.0152571
94199 2360 0.0411711
94206 2360 0.0272987
94207 2360 0.0485287
94208 2360 0.778833
94218 2360 0.119167
94219 2360 0.170143
94220 2360 -0.111824
94224 2360 -0.0117381
94225 2360 -0.0162452
94226 2360 -0.0177912
99774 2508 1
99775 2508 0
99776 2508 0
99777 2508 0
99778 2508 0
99779 2508 0
99789 2508 0
99790 2508 0
99791 2508 0
99801 2508 0
99802 2508 0
99803 2508 0
99819 2509 0
99820 2509 1
99821 2509 0
99822 2509 0
99823 2509 0
99824 2509 0
99834 2509 0
99835 2509 0
99836 2509 0
99846 2509 0
99847 2509 0
99848 2509 0
99864 2510 0
99865 2510 0
99866 2510 1
99867 2510 0
99868 2510 0
99869 2510 0
99879 2510 0
99880 2510 0
99881 2510 0
99891 2510 0
99892 2510 0
99893 2510 0
99906 2511 0
99907 2511 0
99908 2511 0
99909 2511 1
99910 2511 0
99911 2511 0
99921 2511 0
99922 2511 0
99923 2511 0
99933 2511 0
99934 2511 0
99935 2511 0
99951 2512 0
99952 2512 0
99953 2512 0
99954 2512 0
99955 2512 1
99956 2512 0
99966 2512 0
99967 2512 0
99968 2512 0
99978 2512 0
99979 2512 0
99980 2512 0
99996 2513 0
99997 2513 0
99998 2513 0
99999 2513 0
100000 2513 0
100001 2513 1
100011 2513 0
100012 2513 0
100013 2513 0
100023 2513 0
100024 2513 0
100025 2513 0
101997 2562 1.15529
101998 2562 0.00237241
101999 2562 0.0126871
102003 2562 0.058952
102004 2562 -0.0103854
102005 2562 -0.128124
102015 2562 -0.031007
102016 2562 0.0978171
102017 2562 0.120972
102027 2562 0.0327266
102028 2562 -0.024633
102029 2562 0.0439222
102042 2563 0.00237241
102043 2563 1.1321
102044 2563 -0.00333434
102048 2563 -0.00881268
102049 2563 0.10634
102050 2563 -0.0308242
102060 2563 0.104025
102061 2563 -0.12694
102062 2563 -0.178973
102072 2563 -0.00967572
102073 2563 -0.0911615
102074 2563 0.259569
102087 2564 0.0126871
102088 2564 -0.00333434
102089 2564 1.14717
102093 2564 -0.117406
102094 2564 -0.0160536
102095 2564 -0.154967
102105 2564 0.134618
102106 2564 -0.196257
102107 2564 -0.270908
102117 2564 0.030848
102118 2564 0.149577
102119 2564 -0.278636
103872 2610 0.058952
103873 2610 -0.00881268
103874 2610 -0.117406
103878 2610 1.20282
103879 2610 -0.112216
103880 2610 0.147514
103884 2610 0.0930227
103885 2610 -0.0202698
103886 2610 0.0397643
103890 2610 -0.288435
103891 2610 0.222483
103892 2610 -0.114504
103896 2610 -0.0990012
103897 2610 0.153467
103898 2610 0.199115
103899 2610 -0.146843
103900 2610 -0.113818
103901 2610 -0.204625
103902 2610 -0.16428
103903 2610 -0.233092
103904 2610 -0.0682264
103917 2611 -0.0103854
103918 2611 0.10634
103919 2611 -0.0160536
103923 2611 -0.112216
103924 2611 1.03472
103925 2611 0.0952923
103929 2611 -0.0281128
103930 2611 0.0229773
103931 2611 0.124109
103935 2611 0.191196
103936 2611 -0.118769
103937 2611 0.0883277
103941 2611 0.0700024
103942 2611 -0.127688
103943 2611 -0.177952
103944 2611 -0.0946372
103945 2611 -0.0376765
103946 2611 -0.107543
103947 2611 -0.124026
103948 2611 -0.139239
103949 2611 -0.0150361
103962 2612 -0.128124
103963 2612 -0.0308242
103964 2612 -0.154967
103968 2612 0.147514
103969 2612 0.0952923
103970 2612 1.19702
103974 2612 0.0498712
103975 2612 0.157022
103976 2612 -0.120388
103980 2612 -0.107045
103981 2612 0.0927112
103982 2612 -0.0221602
103986 2612 0.187893
103987 2612 -0.112224
103988 2612 -0.192738
103989 2612 -0.223143
103990 2612 -0.146934
103991 2612 -0.248661
103992 2612 -0.259953
103993 2612 -0.248852
103994 2612 -0.0903141
104013 2613 1.18524
104014 2613 -0.0107767
104015 2613 0.0174733
104022 2613 0.0762741
104023 2613 0.0891169
104024 2613 0.0184192
104037 2613 -0.124104
104038 2613 -0.189844
104039 2613 -0.140964
104043 2613 -0.0503283
104044 2613 -0.141512
104045 2613 0.0800915
104058 2614 -0.0107767
104059 2614 1.11033
104060 2614 0.0257644
104067 2614 0.103796
104068 2614 -0.167305
104069 2614 -0.0552947
104082 2614 -0.16939
104083 2614 -0.172599
104084 2614 -0.147518
104088 2614 -0.182233
104089 2614 -0.284685
104090 2614 0.162471
104103 2615 0.0174733
104104 2615 0.0257644
104105 2615 1.13898
104112 2615 0.0239759
104113 2615 -0.0592246
104114 2615 0.102732
104127 2615 -0.159511
104128 2615 -0.187133
104129 2615 -0.111011
104133 2615 0.117179
104134 2615 0.203121
104135 2615 -0.0806905
105357 2649 0.0930227
105358 2649 -0.0281128
105359 2649 0.0498712
105363 2649 0.794093
105364 2649 -0.130095
105365 2649 -0.02636
105372 2649 -0.113562
105373 2649 0.138309
105374 2649 0.0362266
105375 2649 -0.134449
105376 2649 -0.230122
105377 2649 0.0785739
105399 2650 -0.0202698
105400 2650 0.0229773
105401 2650 0.157022
105405 2650 -0.130095
105406 2650 1.00975
105407 2650 -0.077366
105414 2650 0.17389
105415 2650 -0.32701
105416 2650 0.0199747
105417 2650 -0.211921
105418 2650 -0.28932
105419 2650 0.10477
105441 2651 0.0397643
105442 2651 0.124109
105443 2651 -0.120388
105447 2651 -0.02636
105448 2651 -0.077366
105449 2651 0.634093
105456 2651 -0.105702
105457 2651 0.0854111
105458 2651 0.00933076
105459 2651 0.0306787
105460 2651 0.0200977
105461 2651 0.0286948
113877 2862 1.14966
113878 2862 -0.00230347
113879 2862 -0.00265327
113883 2862 0.0276591
113884 2862 -0.0068146
113885 2862 -0.138109
113895 2862 -0.0483452
113896 2862 0.0696643
113897 2862 0.162246
113898 2862 -0.122123
113899 2862 -0.214371
113900 2862 -0.0824481
113922 2863 -0.00230347
113923 2863 1.14486
113924 2863 0.00088104
113928 2863 -0.00672562
113929 2863 0.109921
113930 2863 -0.0135539
113940 2863 0.0678923
113941 2863 -0.0474521
113942 2863 -0.152632
113943 2863 -0.210968
113944 2863 -0.27835
113945 2863 -0.117388
113967 2864 -0.00265327
113968 2864 0.00088104
113969 2864 1.14004
113973 2864 -0.144568
113974 2864 -0.0139724
113975 2864 -0.136056
113985 2864 0.158946
113986 2864 -0.154393
113987 2864 -0.332088
113988 2864 -0.0834254
113989 2864 -0.119102
113990 2864 -0.026836
115155 2892 0.0762741
115156 2892 0.103796
115157 2892 0.0239759
115164 2892 1.14576
115165 2892 -0.0178202
115166 2892 0.0175238
115176 2892 -0.301087
115177 2892 0.179807
115178 2892 -0.134081
115182 2892 -0.18907
115183 2892 0.06089
115184 2892 0.216108
115200 2893 0.0891169
115201 2893 -0.167305
115202 2893 -0.0592246
115209 2893 -0.0178202
115210 2893 1.11279
115211 2893 0.00589746
115221 2893 0.136295
115222 2893 -0.0673946
115223 2893 0.0728054
115227 2893 0.102745
115228 2893 -0.0295424
115229 2893 -0.0976156
115245 2894 0.0184192
115246 2894 -0.0552947
115247 2894 0.102732
115254 2894 0.0175238
115255 2894 0.00589746
115256 2894 1.17601
115266 2894 -0.174395
115267 2894 0.0947103
115268 2894 -0.0453396
115272 2894 0.245903
115273 2894 -0.0803024
115274 2894 -0.205722
115509 2901 0.0276591
115510 2901 -0.00672562
115511 2901 -0.144568
115515 2901 1.14517
115516 2901 -0.00503993
115517 2901 -0.0055817
115527 2901 -0.410696
115528 2901 0.13802
115529 2901 -0.076325
115530 2901 0.0247185
115531 2901 0.00666797
115532 2901 -0.0107524
115554 2902 -0.0068146
115555 2902 0.109921
115556 2902 -0.0139724
115560 2902 -0.00503993
115561 2902 1.14507
115562 2902 -0.00608786
115572 2902 0.134541
115573 2902 -0.0243123
115574 2902 0.0231308
115575 2902 -0.000588281
115576 2902 -0.234135
115577 2902 0.245547
115599 2903 -0.138109
115600 2903 -0.0135539
115601 2903 -0.136056
115605 2903 -0.0055817
115606 2903 -0.00608786
115607 2903 1.14431
115617 2903 -0.0683882
115618 2903 0.0209421
115619 2903 0.00983972
115620 2903 -0.000780947
115621 2903 0.250774
115622 2903 -0.219051
187863 4686 1
187864 4686 0
187865 4686 0
187869 4686 0
187870 4686 0
187871 4686 0
187878 4686 0
187879 4686 0
187880 4686 0
187881 4686 0
187882 4686 0
187883 4686 0
187887 4686 0
187888 4686 0
187889 4686 0
187896 4687 0
187897 4687 1
187898 4687 0
187902 4687 0
187903 4687 0
187904 4687 0
187911 4687 0
187912 4687 0
187913 4687 0
187914 4687 0
187915 4687 0
187916 4687 0
187920 4687 0
187921 4687 0
187922 4687 0
187929 4688 0
187930 4688 0
187931 4688 1
187935 4688 0
187936 4688 0
187937 4688 0
187944 4688 0
187945 4688 0
187946 4688 0
187947 4688 0
187948 4688 0
187949 4688 0
187953 4688 0
187954 4688 0
187955 4688 0
189543 4725 0
189544 4725 0
189545 4725 0
189546 4725 1
189547 4725 0
189548 4725 0
189552 4725 0
189553 4725 0
189554 4725 0
189555 4725 0
189556 4725 0
189557 4725 0
189564 4725 0
189565 4725 0
189566 4725 0
189573 4726 0
189574 4726 0
189575 4726 0
189576 4726 0
189577 4726 1
189578 4726 0
189582 4726 0
189583 4726 0
189584 4726 0
189585 4726 0
189586 4726 0
189587 4726 0
189594 4726 0
189595 4726 0
189596 4726 0
189603 4727 0
189604 4727 0
189605 4727 0
189606 4727 0
189607 4727 0
189608 4727 1
189612 4727 0
189613 4727 0
189614 4727 0
189615 4727 0
189616 4727 0
189617 4727 0
189624 4727 0
189625 4727 0
189626 4727 0
289257 7323 -0.033778
289258 7323 0.0749046
289259 7323 0.148999
289269 7323 -0.0870924
289270 7323 -0.166236
289271 7323 0.119167
289284 7323 1.15853
289285 7323 0.00836621
289286 7323 -0.00146996
289290 7323 0.0895789
289291 7323 0.0183286
289292 7323 -0.0779314
289302 7324 0.0713451
289303 7324 -0.0819322
289304 7324 -0.180421
289314 7324 -0.179097
289315 7324 -0.218175
289316 7324 0.170143
289329 7324 0.00836621
289330 7324 1.13901
289331 7324 -0.0054633
289335 7324 0.0167743
289336 7324 0.099844
289337 7324 0.0528215
289347 7325 0.13565
289348 7325 -0.169897
289349 7325 -0.311699
289359 7325 0.141412
289360 7325 0.198723
289361 7325 -0.111824
289374 7325 -0.00146996
289375 7325 -0.0054633
289376 7325 1.13701
289380 7325 -0.0735931
289381 7325 0.0567112
289382 7325 -0.187453
290376 7356 -0.0818397
290377 7356 0.0756646
290378 7356 0.027459
290382 7356 -0.0904267
290383 7356 -0.0696344
290384 7356 -0.0117381
290388 7356 0.0895789
290389 7356 0.0167743
290390 7356 -0.0735931
290391 7356 0.163355
290392 7356 -0.0144821
290393 7356 0.0201488
290394 7357 0.0689151
290395 7357 -0.0880599
290396 7357 -0.0252545
290400 7357 -0.038199
290401 7357 -0.0405148
290402 7357 -0.0162452
290406 7357 0.0183286
290407 7357 0.099844
290408 7357 0.0567112
290409 7357 -0.0144821
290410 7357 0.167015
290411 7357 -0.0186848
290412 7358 -0.0601961
290413 7358 0.0673209
290414 7358 0.0275538
290418 7358 -0.0922769
290419 7358 -0.0841665
290420 7358 -0.0177912
290424 7358 -0.0779314
290425 7358 0.0528215
290426 7358 -0.187453
290427 7358 0.0201488
290428 7358 -0.0186848
290429 7358 0.256691
294534 7473 0
294535 7473 0
294536 7473 0
294537 7473 0
294538 7473 0
294539 7473 0
294549 7473 1.03624
294550 7473 0.0471746
294551 7473 -0.00393483
294558 7473 0.115919
294559 7473 -0.0898964
294560 7473 0.0175331
294579 7474 0
294580 7474 0
294581 7474 0
294582 7474 0
294583 7474 0
294584 7474 0
294594 7474 0.0471746
294595 7474 1.32409
294596 7474 0.00916679
294603 7474 0.152184
294604 7474 -0.192403
294605 7474 0.109119
294624 7475 0
294625 7475 0
294626 7475 0
294627 7475 0
294628 7475 0
294629 7475 0
294639 7475 -0.00393483
294640 7475 0.00916679
294641 7475 1.07422
294648 7475 0.0107258
294649 7475 0.000357661
294650 7475 0.0984738
298554 7569 -0.031007
298555 7569 0.104025
298556 7569 0.134618
298560 7569 -0.288435
298561 7569 0.191196
298562 7569 -0.107045
298572 7569 1.0707
298573 7569 -0.0666302
298574 7569 -0.00524844
298581 7569 0.098595
298582 7569 0.04592
298583 7569 0.00773603
298599 7570 0.0978171
298600 7570 -0.12694
298601 7570 -0.196257
298605 7570 0.222483
298606 7570 -0.118769
298607 7570 0.0927112
298617 7570 -0.0666302
298618 7570 1.22677
298619 7570 -0.142739
298626 7570 0.0441727
298627 7570 -0.19983
298628 7570 0.0154792
298644 7571 0.120972
298645 7571 -0.178973
298646 7571 -0.270908
298650 7571 -0.114504
298651 7571 0.0883277
298652 7571 -0.0221602
298662 7571 -0.00524844
298663 7571 -0.142739
298664 7571 1.13708
298671 7571 -0.00107753
298672 7571 0.0332401
298673 7571 0.115773
300273 7611 -0.0990012
300274 7611 0.0700024
300275 7611 0.187893
300279 7611 -0.113562
300280 7611 0.17389
300281 7611 -0.105702
300291 7611 1.114
300292 7611 -0.261809
300293 7611 0.0480132
300294 7611 -0.21659
300295 7611 0.0163114
300296 7611 -0.0051013
300318 7612 0.153467
300319 7612 -0.127688
300320 7612 -0.112224
300324 7612 0.138309
300325 7612 -0.32701
300326 7612 0.0854111
300336 7612 -0.261809
300337 7612 1.1134
300338 7612 -0.0140811
300339 7612 0.0444089
300340 7612 0.108872
300341 7612 0.00164164
300363 7613 0.199115
300364 7613 -0.177952
300365 7613 -0.192738
300369 7613 0.0362266
300370 7613 0.0199747
300371 7613 0.00933076
300381 7613 0.0480132
300382 7613 -0.0140811
300383 7613 1.20715
300384 7613 0.014902
300385 7613 0.00193973
300386 7613 0.105216
300405 7614 -0.146843
300406 7614 -0.0946372
300407 7614 -0.223143
300411 7614 -0.134449
300412 7614 -0.211921
300413 7614 0.0306787
300423 7614 -0.21659
300424 7614 0.0444089
300425 7614 0.014902
300426 7614 1.17548
300427 7614 0.0126198
300428 7614 0.0264556
300450 7615 -0.113818
300451 7615 -0.0376765
300452 7615 -0.146934
300456 7615 -0.230122
300457 7615 -0.28932
300458 7615 0.0200977
300468 7615 0.0163114
300469 7615 0.108872
300470 7615 0.00193973
300471 7615 0.0126198
300472 7615 1.13074
300473 7615 0.0162525
300495 7616 -0.204625
300496 7616 -0.107543
300497 7616 -0.248661
300501 7616 0.0785739
300502 7616 0.10477
300503 7616 0.0286948
300513 7616 -0.0051013
300514 7616 0.00164164
300515 7616 0.105216
300516 7616 0.0264556
300517 7616 0.0162525
300518 7616 1.12834
305682 7761 0
305683 7761 0
305684 7761 0
305685 7761 0
305686 7761 0
305687 7761 0
305700 7761 0.115919
305701 7761 0.152184
305702 7761 0.0107258
305709 7761 1.14879
305710 7761 -0.170447
305711 7761 0.13804
305727 7762 0
305728 7762 0
305729 7762 0
305730 7762 0
305731 7762 0
305732 7762 0
305745 7762 -0.0898964
305746 7762 -0.192403
305747 7762 0.000357661
305754 7762 -0.170447
305755 7762 1.10527
305756 7762 -0.0667566
305772 7763 0
305773 7763 0
305774 7763 0
305775 7763 0
305776 7763 0
305777 7763 0
305790 7763 0.0175331
305791 7763 0.109119
305792 7763 0.0984738
305799 7763 0.13804
305800 7763 -0.0667566
305801 7763 1.18049
309702 7857 0.0327266
309703 7857 -0.00967572
309704 7857 0.030848
309708 7857 -0.16428
309709 7857 -0.124026
309710 7857 -0.259953
309723 7857 0.098595
309724 7857 0.0441727
309725 7857 -0.00107753
309732 7857 1.19618
309733 7857 0.0653498
309734 7857 0.0936036
309747 7858 -0.024633
309748 7858 -0.0911615
309749 7858 0.149577
309753 7858 -0.233092
309754 7858 -0.139239
309755 7858 -0.248852
309768 7858 0.04592
309769 7858 -0.19983
309770 7858 0.0332401
309777 7858 0.0653498
309778 7858 1.12893
309779 7858 0.0843564
309792 7859 0.0439222
309793 7859 0.259569
309794 7859 -0.278636
309798 7859 -0.0682264
309799 7859 -0.0150361
309800 7859 -0.0903141
309813 7859 0.00773603
309814 7859 0.0154792
309815 7859 0.115773
309822 7859 0.0936036
309823 7859 0.0843564
309824 7859 1.10944
309843 7860 -0.124104
309844 7860 -0.16939
309845 7860 -0.159511
309855 7860 -0.301087
309856 7860 0.136295
309857 7860 -0.174395
309867 7860 1.07027
309868 7860 -0.00742704
309869 7860 0.000234897
309873 7860 0.0999494
309874 7860 0.0161544
309875 7860 -0.0370083
309888 7861 -0.189844
309889 7861 -0.172599
309890 7861 -0.187133
309900 7861 0.179807
309901 7861 -0.0673946
309902 7861 0.0947103
309912 7861 -0.00742704
309913 7861 1.23242
309914 7861 -0.0719961
309918 7861 0.0209319
309919 7861 0.0901947
309920 7861 0.0684251
309933 7862 -0.140964
309934 7862 -0.147518
309935 7862 -0.111011
309945 7862 -0.134081
309946 7862 0.0728054
309947 7862 -0.0453396
309957 7862 0.000234897
309958 7862 -0.0719961
309959 7862 1.13186
309963 7862 -0.00243526
309964 7862 0.0874232
309965 7862 -0.1926
310317 7872 -0.0483452
310318 7872 0.0678923
310319 7872 0.158946
310323 7872 -0.410696
310324 7872 0.134541
310325 7872 -0.0683882
310335 7872 1.12558
310336 7872 0.0199125
310337 7872 -0.00124471
310338 7872 -0.104253
310339 7872 -0.0993338
310340 7872 0.119586
310362 7873 0.0696643
310363 7873 -0.0474521
310364 7873 -0.154393
310368 7873 0.13802
310369 7873 -0.0243123
310370 7873 0.0209421
310380 7873 0.0199125
310381 7873 1.15047
310382 7873 -0.00617869
310383 7873 -0.100411
310384 7873 0.0615756
310385 7873 0.0588268
310407 7874 0.162246
310408 7874 -0.152632
310409 7874 -0.332088
310413 7874 -0.076325
310414 7874 0.0231308
310415 7874 0.00983972
310425 7874 -0.00124471
310426 7874 -0.00617869
310427 7874 1.15851
310428 7874 0.119119
310429 7874 0.0605563
310430 7874 0.0416618
310449 7875 -0.122123
310450 7875 -0.210968
310451 7875 -0.0834254
310455 7875 0.0247185
310456 7875 -0.000588281
310457 7875 -0.000780947
310467 7875 -0.104253
310468 7875 -0.100411
310469 7875 0.119119
310470 7875 1.12727
310471 7875 0.0131661
310472 7875 -0.000890113
310494 7876 -0.214371
310495 7876 -0.27835
310496 7876 -0.119102
310500 7876 0.00666797
310501 7876 -0.234135
310502 7876 0.250774
310512 7876 -0.0993338
310513 7876 0.0615756
310514 7876 0.0605563
310515 7876 0.0131661
310516 7876 1.16287
310517 7876 -0.00354683
310539 7877 -0.0824481
310540 7877 -0.117388
310541 7877 -0.026836
310545 7877 -0.0107524
310546 7877 0.245547
310547 7877 -0.219051
310557 7877 0.119586
310558 7877 0.0588268
310559 7877 0.0416618
310560 7877 -0.000890113
310561 7877 -0.00354683
310562 7877 1.14441
311556 7902 -0.0503283
311557 7902 -0.182233
311558 7902 0.117179
311568 7902 -0.18907
311569 7902 0.102745
311570 7902 0.245903
311580 7902 0.0999494
311581 7902 0.0209319
311582 7902 -0.00243526
311586 7902 1.13341
311587 7902 0.0305624
311588 7902 -0.0719927
311601 7903 -0.141512
311602 7903 -0.284685
311603 7903 0.203121
311613 7903 0.06089
311614 7903 -0.0295424
311615 7903 -0.0803024
311625 7903 0.0161544
311626 7903 0.0901947
311627 7903 0.0874232
311631 7903 0.0305624
311632 7903 1.14623
311633 7903 -0.0535236
311646 7904 0.0800915
311647 7904 0.162471
311648 7904 -0.0806905
311658 7904 0.216108
311659 7904 -0.0976156
311660 7904 -0.205722
311670 7904 -0.0370083
311671 7904 0.0684251
311672 7904 -0.1926
311676 7904 -0.0719927
311677 7904 -0.0535236
311678 7904 1.15492
385194 9792 0
385195 9792 0
385196 9792 0
385197 9792 0
385198 9792 0
385199 9792 0
385206 9792 1
385207 9792 0
385208 9792 0
385209 9792 0
385210 9792 0
385211 9792 0
385227 9793 0
385228 9793 0
385229 9793 0
385230 9793 0
385231 9793 0
385232 9793 0
385239 9793 0
385240 9793 1
385241 9793 0
385242 9793 0
385243 9793 0
385244 9793 0
385260 9794 0
385261 9794 0
385262 9794 0
385263 9794 0
385264 9794 0
385265 9794 0
385272 9794 0
385273 9794 0
385274 9794 1
385275 9794 0
385276 9794 0
385277 9794 0
385293 9795 0
385294 9795 0
385295 9795 0
385299 9795 0
385300 9795 0
385301 9795 0
385311 9795 0
385312 9795 0
385313 9795 0
385314 9795 1.14848
385315 9795 0.0856259
385316 9795 0.0595156
385323 9795 0.0115509
385324 9795 0.138202
385325 9795 -0.0486473
385338 9796 0
385339 9796 0
385340 9796 0
385344 9796 0
385345 9796 0
385346 9796 0
385356 9796 0
385357 9796 0
385358 9796 0
385359 9796 0.0856259
385360 9796 1.19451
385361 9796 0.0122361
385368 9796 0.075178
385369 9796 -0.0923124
385370 9796 0.095623
385383 9797 0
385384 9797 0
385385 9797 0
385389 9797 0
385390 9797 0
385391 9797 0
385401 9797 0
385402 9797 0
385403 9797 0
385404 9797 0.0595156
385405 9797 0.0122361
385406 9797 1.09156
385413 9797 -0.0461575
385414 9797 0.135133
385415 9797 0.0778512
394452 10032 0
394453 10032 0
394454 10032 0
394458 10032 0
394459 10032 0
394460 10032 0
394470 10032 0.0115509
394471 10032 0.075178
394472 10032 -0.0461575
394476 10032 0.405525
394477 10032 0.0362674
394478 10032 0.0491104
394485 10033 0
394486 10033 0
394487 10033 0
394491 10033 0
394492 10033 0
394493 10033 0
394503 10033 0.138202
394504 10033 -0.0923124
394505 10033 0.135133
394509 10033 0.0362674
394510 10033 0.637678
394511 10033 -0.0870405
394518 10034 0
394519 10034 0
394520 10034 0
394524 10034 0
394525 10034 0
394526 10034 0
394536 10034 -0.0486473
394537 10034 0.095623
394538 10034 0.0778512
394542 10034 0.0491104
394543 10034 -0.0870405
394544 10034 0.54048
