109602 2760 0.495457
109603 2760 -0.03183
109604 2760 -0.0633505
109608 2760 -0.0455609
109609 2760 -0.128518
109610 2760 -0.042763
109623 2760 -0.0914585
109624 2760 0.00508647
109625 2760 -0.152509
109626 2760 -0.368685
109627 2760 0.0556232
109628 2760 0.190485
109629 2761 -0.03183
109630 2761 0.262158
109631 2761 0.0126815
109635 2761 -0.0299407
109636 2761 -0.007914
109637 2761 -0.0289463
109650 2761 0.0087706
109651 2761 -0.012029
109652 2761 0.0178495
109653 2761 0.0544199
109654 2761 0.013509
109655 2761 -0.0267881
109656 2762 -0.0633505
109657 2762 0.0126815
109658 2762 0.398944
109662 2762 0.0204055
109663 2762 0.0107893
109664 2762 0.0536155
109677 2762 -0.0284935
109678 2762 0.00297766
109679 2762 -0.038725
109680 2762 0.192787
109681 2762 -0.0271102
109682 2762 -0.0718246
111627 2808 -0.0455609
111628 2808 -0.0299407
111629 2808 0.0204055
111630 2808 0.573753
111631 2808 0.00179017
111632 2808 0.00126023
111633 2808 0.101752
111634 2808 0.00301263
111635 2808 0.0496063
111636 2808 -0.0441995
111637 2808 -0.129153
111638 2808 -0.04288
111639 2808 -0.00959392
111640 2808 0.155592
111641 2808 -0.0289414
111642 2808 -0.114508
111643 2808 0.0276606
111644 2808 -0.0660743
111645 2808 0.00359386
111646 2808 -0.0644395
111647 2808 0.0524574
111648 2808 0.00149581
111649 2808 -0.0070377
111650 2808 0.00483283
111651 2808 0.0221236
111652 2808 -0.00402147
111653 2808 -0.00283085
111654 2808 -0.111852
111655 2808 -0.00788628
111656 2808 -0.179225
111657 2808 -0.369711
111658 2808 0.0537015
111659 2808 0.19062
111660 2809 -0.128518
111661 2809 -0.007914
111662 2809 0.0107893
111663 2809 0.00179017
111664 2809 0.57528
111665 2809 -0.00089431
111666 2809 0.00272441
111667 2809 0.108585
111668 2809 -0.0180338
111669 2809 -0.0298735
111670 2809 -0.00913819
111671 2809 -0.0288948
111672 2809 0.15482
111673 2809 -0.0924937
111674 2809 0.0374375
111675 2809 -0.00952542
111676 2809 0.0100289
111677 2809 -0.0312129
111678 2809 -0.00356533
111679 2809 -0.138248
111680 2809 0.0540942
111681 2809 -0.0683764
111682 2809 -0.137469
111683 2809 0.175303
111684 2809 -0.00366345
111685 2809 -0.328283
111686 2809 -0.223728
111687 2809 0.0292934
111688 2809 0.0103054
111689 2809 0.0520551
111690 2809 0.0538929
111691 2809 0.014176
111692 2809 -0.0262052
111693 2810 -0.042763
111694 2810 -0.0289463
111695 2810 0.0536155
111696 2810 0.00126023
111697 2810 -0.00089431
111698 2810 0.577026
111699 2810 0.0507925
111700 2810 -0.0178083
111701 2810 -0.209949
111702 2810 0.0200853
111703 2810 0.0105576
111704 2810 0.0535644
111705 2810 -0.029521
111706 2810 0.0372164
111707 2810 0.102798
111708 2810 -0.18044
111709 2810 0.0487201
111710 2810 -0.110228
111711 2810 0.000106529
111712 2810 0.176392
111713 2810 -0.0779137
111714 2810 0.0540215
111715 2810 0.0536428
111716 2810 -0.0775891
111717 2810 -0.00223437
111718 2810 -0.223488
111719 2810 -0.121013
111720 2810 -0.0661534
111721 2810 -0.0309392
111722 2810 -0.112016
111723 2810 0.192017
111724 2810 -0.0256895
111725 2810 -0.0712557
111732 2811 0.101752
111733 2811 0.00272441
111734 2811 0.0507925
111735 2811 1.14549
111736 2811 0.000283904
111737 2811 0.000158572
111747 2811 -0.370838
111748 2811 0.0484507
111749 2811 0.192435
111753 2811 0.0218514
111754 2811 0.00070494
111755 2811 0.000234507
111765 2811 -0.225738
111766 2811 0.0200052
111767 2811 -0.246091
111777 2812 0.00301263
111778 2812 0.108585
111779 2812 -0.0178083
111780 2812 0.000283904
111781 2812 1.14495
111782 2812 -0.000149477
111792 2812 0.0503577
111793 2812 0.0156266
111794 2812 -0.0248164
111798 2812 0.00307214
111799 2812 -0.327448
111800 2812 -0.223551
111810 2812 0.0185005
111811 2812 0.0198297
111812 2812 0.0190643
111822 2813 0.0496063
111823 2813 -0.0180338
111824 2813 -0.209949
111825 2813 0.000158572
111826 2813 -0.000149477
111827 2813 1.14411
111837 2813 0.191658
111838 2813 -0.0235743
111839 2813 -0.0720966
111843 2813 0.00182015
111844 2813 -0.223327
111845 2813 -0.121328
111855 2813 -0.244524
111856 2813 0.0196975
111857 2813 -0.221358
113652 2856 -0.0441995
113653 2856 -0.0298735
113654 2856 0.0200853
113655 2856 0.261537
113656 2856 0.012777
113657 2856 -0.0166862
113658 2856 0.101374
113659 2856 0.00303893
113660 2856 0.0506353
113661 2856 -0.0060865
113662 2856 0.0390095
113663 2856 -0.0395807
113664 2856 -0.114112
113665 2856 0.0264464
113666 2856 -0.0657029
113667 2856 -0.014385
113668 2856 -0.0323432
113669 2856 0.00257628
113670 2856 -0.0155064
113671 2856 -0.0145163
113672 2856 0.0169755
113673 2856 0.0218744
113674 2856 -0.000479882
113675 2856 -0.000462067
113676 2856 -0.185112
113677 2856 -0.00408048
113678 2856 0.0322456
113679 2857 -0.129153
113680 2857 -0.00913819
113681 2857 0.0105576
113682 2857 0.012777
113683 2857 0.482561
113684 2857 0.0760075
113685 2857 0.00276492
113686 2857 0.108537
113687 2857 -0.0181268
113688 2857 0.116917
113689 2857 -0.0450887
113690 2857 0.0600459
113691 2857 -0.0111879
113692 2857 0.0105917
113693 2857 -0.0317102
113694 2857 -0.012066
113695 2857 -0.11053
113696 2857 0.019388
113697 2857 -0.0354944
113698 2857 -0.109785
113699 2857 0.140184
113700 2857 -0.000863289
113701 2857 -0.328557
113702 2857 -0.223987
113703 2857 0.0539858
113704 2857 0.00674014
113705 2857 -0.0320795
113706 2858 -0.04288
113707 2858 -0.0288948
113708 2858 0.0535644
113709 2858 -0.0166862
113710 2858 0.0760075
113711 2858 0.41246
113712 2858 0.0521608
113713 2858 -0.0179186
113714 2858 -0.20957
113715 2858 0.00997149
113716 2858 -0.0224237
113717 2858 0.0511752
113718 2858 -0.181268
113719 2858 0.0471676
113720 2858 -0.110764
113721 2858 0.013617
113722 2858 0.141454
113723 2858 -0.0174592
113724 2858 0.00323908
113725 2858 0.0190441
113726 2858 -0.0170838
113727 2858 -0.000719236
113728 2858 -0.223085
113729 2858 -0.12079
113730 2858 0.159825
113731 2858 0.00790566
113732 2858 -0.0351894
113739 2859 0.101374
113740 2859 0.00276492
113741 2859 0.0521608
113742 2859 1.14506
113743 2859 -0.000411021
113744 2859 -0.000639795
113748 2859 -0.08331
113749 2859 -0.159899
113750 2859 -0.0234183
113754 2859 -0.372078
113755 2859 0.0455112
113756 2859 0.192374
113760 2859 0.0213903
113761 2859 0.00443193
113762 2859 0.00257992
113772 2859 -0.22488
113773 2859 0.0179029
113774 2859 -0.245875
113784 2860 0.00303893
113785 2860 0.108537
113786 2860 -0.0179186
113787 2860 -0.000411021
113788 2860 1.14537
113789 2860 8.39467e-05
113793 2860 -0.160474
113794 2860 -0.0232817
113795 2860 -0.0188102
113799 2860 0.0475884
113800 2860 0.0166495
113801 2860 -0.0231197
113805 2860 0.00669333
113806 2860 -0.328585
113807 2860 -0.222867
113817 2860 0.0162505
113818 2860 0.0195081
113819 2860 0.016624
113829 2861 0.0506353
113830 2861 -0.0181268
113831 2861 -0.20957
113832 2861 -0.000639795
113833 2861 8.39467e-05
113834 2861 1.14413
113838 2861 -0.0234059
113839 2861 -0.018671
113840 2861 0.106601
113844 2861 0.191032
113845 2861 -0.0218471
113846 2861 -0.0717798
113850 2861 0.00432533
113851 2861 -0.223722
113852 2861 -0.120342
113862 2861 -0.244832
113863 2861 0.0177089
113864 2861 -0.222492
115401 2898 -0.08331
115402 2898 -0.160474
115403 2898 -0.0234059
115404 2898 0.715953
115405 2898 -0.0282337
115406 2898 0.046051
115413 2898 -0.186745
115414 2898 0.0514659
115415 2898 0.159394
115422 2898 0.0211064
115423 2898 -0.0344248
115424 2898 0.0495088
115437 2899 -0.159899
115438 2899 -0.0232817
115439 2899 -0.018671
115440 2899 -0.0282337
115441 2899 0.625871
115442 2899 -0.0452978
115449 2899 -0.00523496
115450 2899 0.00821092
115451 2899 0.00879986
115458 2899 -0.0577374
115459 2899 -0.166898
115460 2899 0.211293
115473 2900 -0.0234183
115474 2900 -0.0188102
115475 2900 0.106601
115476 2900 0.046051
115477 2900 -0.0452978
115478 2900 0.668982
115485 2900 0.0325877
115486 2900 -0.0322193
115487 2900 -0.0350288
115494 2900 0.0390417
115495 2900 0.0890618
115496 2900 -0.137794
121032 3042 0.479169
121033 3042 -0.0435854
121034 3042 -0.0970659
121035 3042 0.0502657
121036 3042 0.0037735
121037 3042 0.0903038
121038 3042 -0.0477073
121039 3042 -0.127892
121040 3042 -0.0463161
121044 3042 0.000162327
121045 3042 -0.101247
121046 3042 0.0552699
121056 3042 -0.376244
121057 3042 0.0624099
121058 3042 0.183829
121059 3043 -0.0435854
121060 3043 0.346484
121061 3043 -0.0304286
121062 3043 -0.00110088
121063 3043 0.0540095
121064 3043 -0.0178884
121065 3043 -0.0286593
121066 3043 -0.00508406
121067 3043 -0.0284893
121071 3043 -0.00570071
121072 3043 -0.0748589
121073 3043 0.0419563
121083 3043 0.0635146
121084 3043 0.0119923
121085 3043 -0.0291625
121086 3044 -0.0970659
121087 3044 -0.0304286
121088 3044 0.330906
121089 3044 -0.0331232
121090 3044 -0.000894442
121091 3044 -0.103361
121092 3044 0.0184472
121093 3044 0.0065059
121094 3044 0.0529029
121098 3044 -0.00285574
121099 3044 0.0957061
121100 3044 -0.0676781
121110 3044 0.182322
121111 3044 -0.0290891
121112 3044 -0.0623161
121119 3045 0.0502657
121120 3045 -0.00110088
121121 3045 -0.0331232
121122 3045 0.706283
121123 3045 0.0394821
121124 3045 0.125018
121137 3045 -0.00123048
121138 3045 -0.0787404
121139 3045 -0.0386474
121149 3045 -0.215933
121150 3045 0.0259711
121151 3045 -0.247826
121161 3046 0.0037735
121162 3046 0.0540095
121163 3046 -0.000894442
121164 3046 0.0394821
121165 3046 0.963209
121166 3046 -0.0190413
121179 3046 0.0196855
121180 3046 -0.22001
121181 3046 -0.17143
121191 3046 0.0242169
121192 3046 0.0193251
121193 3046 0.0249492
121203 3047 0.0903038
121204 3047 -0.0178884
121205 3047 -0.103361
121206 3047 0.125018
121207 3047 -0.0190413
121208 3047 0.910814
121221 3047 0.0249973
121222 3047 -0.134244
121223 3047 -0.0634816
121233 3047 -0.242575
121234 3047 0.0265366
121235 3047 -0.229999
123327 3099 -0.0477073
123328 3099 -0.0286593
123329 3099 0.0184472
123330 3099 0.57329
123331 3099 -0.000289436
123332 3099 0.00217159
123333 3099 0.0994184
123334 3099 0.00328606
123335 3099 0.0566356
123336 3099 -0.047801
123337 3099 -0.12773
123338 3099 -0.0463135
123339 3099 -0.00327774
123340 3099 0.152577
123341 3099 -0.0303306
123342 3099 -0.107686
123343 3099 0.0304506
123344 3099 -0.0660885
123345 3099 -0.000322781
123346 3099 -0.072547
123347 3099 0.0552693
123348 3099 -0.00192683
123349 3099 -0.010482
123350 3099 0.00929705
123351 3099 0.0219879
123352 3099 -0.0048619
123353 3099 -0.00339523
123354 3099 -0.103255
123355 3099 -0.00388378
123356 3099 -0.178102
123357 3099 -0.37666
123358 3099 0.0616143
123359 3099 0.182222
123360 3100 -0.127892
123361 3100 -0.00508406
123362 3100 0.0065059
123363 3100 -0.000289436
123364 3100 0.576101
123365 3100 -0.00143382
123366 3100 0.00228507
123367 3100 0.108469
123368 3100 -0.0182256
123369 3100 -0.0286008
123370 3100 -0.00508027
123371 3100 -0.0290546
123372 3100 0.153312
123373 3100 -0.0975873
123374 3100 0.0415971
123375 3100 -0.0047403
123376 3100 0.00939
123377 3100 -0.0290611
123378 3100 -0.0090767
123379 3100 -0.13751
123380 3100 0.0527056
123381 3100 -0.0772616
123382 3100 -0.138092
123383 3100 0.172299
123384 3100 -0.00464687
123385 3100 -0.326219
123386 3100 -0.22451
123387 3100 0.0301122
123388 3100 0.0092179
123389 3100 0.0577201
123390 3100 0.062659
123391 3100 0.0120683
123392 3100 -0.0284193
123393 3101 -0.0463161
123394 3101 -0.0284893
123395 3101 0.0529029
123396 3101 0.00217159
123397 3101 -0.00143382
123398 3101 0.576666
123399 3101 0.0559435
123400 3101 -0.0180935
123401 3101 -0.20817
123402 3101 0.0179934
123403 3101 0.00614462
123404 3101 0.0528813
123405 3101 -0.0310128
123406 3101 0.0411028
123407 3101 0.101418
123408 3101 -0.178853
123409 3101 0.0553245
123410 3101 -0.114747
123411 3101 0.00748276
123412 3101 0.174304
123413 3101 -0.0757296
123414 3101 0.0568239
123415 3101 0.0527054
123416 3101 -0.0742225
123417 3101 -0.00339077
123418 3101 -0.224547
123419 3101 -0.122836
123420 3101 -0.0658947
123421 3101 -0.0290457
123422 3101 -0.119525
123423 3101 0.182465
123424 3101 -0.0280641
123425 3101 -0.0620915
123426 3102 -0.00959392
123427 3102 0.15482
123428 3102 -0.029521
123432 3102 0.0994184
123433 3102 0.00228507
123434 3102 0.0559435
123435 3102 1.14481
123436 3102 -0.000611506
123437 3102 -0.000771251
123441 3102 -0.0919255
123442 3102 -0.157877
123443 3102 -0.0262302
123447 3102 -0.371857
123448 3102 0.0593213
123449 3102 0.188309
123450 3102 -0.222087
123451 3102 0.0212773
123452 3102 -0.243281
123453 3102 0.0223057
123454 3102 -0.00346714
123455 3102 -0.00203668
123456 3102 0.00300869
123457 3102 -0.0781634
123458 3102 0.0599618
123465 3102 -0.21616
123466 3102 0.0250194
123467 3102 -0.247213
123471 3103 0.155592
123472 3103 -0.0924937
123473 3103 0.0372164
123477 3103 0.00328606
123478 3103 0.108469
123479 3103 -0.0180935
123480 3103 -0.000611506
123481 3103 1.1444
123482 3103 -0.000178893
123486 3103 -0.157776
123487 3103 -0.0140318
123488 3103 -0.0205386
123492 3103 0.0583541
123493 3103 0.0125247
123494 3103 -0.0275684
123495 3103 0.0234333
123496 3103 0.0194934
123497 3103 0.0233525
123498 3103 -0.00477015
123499 3103 -0.327397
123500 3103 -0.2235
123501 3103 -0.0736687
123502 3103 -0.275554
123503 3103 0.228793
123510 3103 0.023552
123511 3103 0.0192555
123512 3103 0.0252554
123516 3104 -0.0289414
123517 3104 0.0374375
123518 3104 0.102798
123522 3104 0.0566356
123523 3104 -0.0182256
123524 3104 -0.20817
123525 3104 -0.000771251
123526 3104 -0.000178893
123527 3104 1.14535
123531 3104 -0.0262807
123532 3104 -0.0200364
123533 3104 0.106178
123537 3104 0.187556
123538 3104 -0.028169
123539 3104 -0.0675558
123540 3104 -0.24732
123541 3104 0.0218096
123542 3104 -0.224362
123543 3104 -0.00309215
123544 3104 -0.224399
123545 3104 -0.121907
123546 3104 0.0564144
123547 3104 0.228766
123548 3104 -0.153896
123555 3104 -0.243315
123556 3104 0.0256889
123557 3104 -0.230029
125568 3153 0.196422
125569 3153 -0.0508432
125570 3153 0.0118863
125571 3153 -0.00484089
125572 3153 0.152345
125573 3153 -0.0340159
125577 3153 0.00792304
125578 3153 0.0135553
125579 3153 0.0319096
125583 3153 -0.129227
125584 3153 -0.0539533
125585 3153 0.0922883
125586 3154 -0.0508432
125587 3154 0.227945
125588 3154 -0.01484
125589 3154 0.152929
125590 3154 -0.0943411
125591 3154 0.0452905
125595 3154 -0.0611476
125596 3154 -0.0925814
125597 3154 -0.125908
125601 3154 0.043534
125602 3154 0.0200222
125603 3154 -0.0404546
125604 3155 0.0118863
125605 3155 -0.01484
125606 3155 0.162693
125607 3155 -0.0339668
125608 3155 0.0459318
125609 3155 0.0996189
125613 3155 -0.0175603
125614 3155 -0.0388824
125615 3155 -0.0577483
125619 3155 0.0332137
125620 3155 0.0080862
125621 3155 -0.0324613
125622 3156 -0.047801
125623 3156 -0.0286008
125624 3156 0.0179934
125625 3156 0.315468
125626 3156 -0.0264341
125627 3156 0.0477512
125628 3156 0.0495175
125629 3156 -0.0097692
125630 3156 0.02088
125631 3156 -0.0046791
125632 3156 0.152658
125633 3156 -0.0305507
125634 3156 -0.0705177
125635 3156 0.020884
125636 3156 -0.0524897
125637 3156 -0.00146328
125638 3156 -0.0105246
125639 3156 0.0095851
125640 3156 0.0223726
125641 3156 -0.00389439
125642 3156 -0.00237614
125643 3156 -0.0672034
125644 3156 -0.0543961
125645 3156 -0.100706
125646 3156 -0.19007
125647 3156 -0.0399384
125648 3156 0.0898581
125649 3157 -0.12773
125650 3157 -0.00508027
125651 3157 0.00614462
125652 3157 -0.0264341
125653 3157 0.466891
125654 3157 0.100508
125655 3157 0.0128874
125656 3157 0.0543551
125657 3157 -0.0689812
125658 3157 0.153935
125659 3157 -0.096389
125660 3157 0.0421149
125661 3157 -0.0556675
125662 3157 0.0222555
125663 3157 -0.0400929
125664 3157 -0.0773225
125665 3157 -0.138503
125666 3157 0.171822
125667 3157 -0.00278302
125668 3157 -0.326625
125669 3157 -0.224504
125670 3157 0.0201896
125671 3157 0.0224177
125672 3157 0.0454451
125673 3157 0.101317
125674 3157 0.00643612
125675 3157 -0.0324153
125676 3158 -0.0463135
125677 3158 -0.0290546
125678 3158 0.0528813
125679 3158 0.0477512
125680 3158 0.100508
125681 3158 0.3742
125682 3158 0.0364766
125683 3158 0.0519004
125684 3158 -0.103873
125685 3158 -0.0311965
125686 3158 0.0417725
125687 3158 0.101112
125688 3158 -0.101086
125689 3158 0.0440471
125690 3158 -0.0941125
125691 3158 0.0566227
125692 3158 0.052971
125693 3158 -0.0737267
125694 3158 -0.00144988
125695 3158 -0.224633
125696 3158 -0.123068
125697 3158 -0.0516251
125698 3158 -0.0406712
125699 3158 -0.097589
125700 3158 0.0909346
125701 3158 0.00315501
125702 3158 -0.0299279
125703 3159 -0.0060865
125704 3159 0.116917
125705 3159 0.00997149
125706 3159 -0.0919255
125707 3159 -0.157776
125708 3159 -0.0262807
125709 3159 0.0495175
125710 3159 0.0128874
125711 3159 0.0364766
125712 3159 0.971625
125713 3159 -0.000468298
125714 3159 -0.00157774
125715 3159 0.100621
125716 3159 0.00354898
125717 3159 0.0544219
125721 3159 -0.00726986
125722 3159 0.154507
125723 3159 -0.029644
125724 3159 -0.264385
125725 3159 0.0622965
125726 3159 0.152774
125727 3159 -0.221947
125728 3159 0.0198936
125729 3159 -0.244667
125730 3159 0.0197677
125731 3159 -0.0609684
125732 3159 0.040607
125733 3159 8.78485e-05
125734 3159 -0.0801255
125735 3159 0.0606926
125739 3159 -0.143506
125740 3159 0.00374737
125741 3159 -0.193687
125745 3160 0.0390095
125746 3160 -0.0450887
125747 3160 -0.0224237
125748 3160 -0.157877
125749 3160 -0.0140318
125750 3160 -0.0200364
125751 3160 -0.0097692
125752 3160 0.0543551
125753 3160 0.0519004
125754 3160 -0.000468298
125755 3160 0.736109
125756 3160 -0.148324
125757 3160 0.00219783
125758 3160 0.108339
125759 3160 -0.0181996
125763 3160 0.154276
125764 3160 -0.0943672
125765 3160 0.0396767
125766 3160 -0.037798
125767 3160 0.00615446
125768 3160 -0.00279285
125769 3160 0.0214308
125770 3160 0.0194136
125771 3160 0.0221619
125772 3160 -0.0377747
125773 3160 -0.165675
125774 3160 0.0887081
125775 3160 -0.0821165
125776 3160 -0.276073
125777 3160 0.226413
125781 3160 0.0795225
125782 3160 -0.0029219
125783 3160 0.0646761
125787 3161 -0.0395807
125788 3161 0.0600459
125789 3161 0.0511752
125790 3161 -0.0262302
125791 3161 -0.0205386
125792 3161 0.106178
125793 3161 0.02088
125794 3161 -0.0689812
125795 3161 -0.103873
125796 3161 -0.00157774
125797 3161 -0.148324
125798 3161 0.872572
125799 3161 0.0542816
125800 3161 -0.0174932
125801 3161 -0.20856
125805 3161 -0.0303583
125806 3161 0.0383245
125807 3161 0.102151
125808 3161 0.087989
125809 3161 -0.0405029
125810 3161 -0.0263784
125811 3161 -0.246749
125812 3161 0.0209747
125813 3161 -0.225918
125814 3161 0.053154
125815 3161 0.209906
125816 3161 -0.137084
125817 3161 0.061853
125818 3161 0.227404
125819 3161 -0.151275
125823 3161 -0.142642
125824 3161 -0.0189109
125825 3161 -0.136604
125835 3162 0.100621
125836 3162 0.00219783
125837 3162 0.0542816
125838 3162 1.14511
125839 3162 -0.000190627
125840 3162 2.82611e-05
125850 3162 -0.37215
125851 3162 0.0542432
125852 3162 0.190047
125856 3162 0.0222299
125857 3162 -0.0007641
125858 3162 -0.00073692
125880 3163 0.00354898
125881 3163 0.108339
125882 3163 -0.0174932
125883 3163 -0.000190627
125884 3163 1.14496
125885 3163 -0.000130316
125895 3163 0.0541419
125896 3163 0.0143891
125897 3163 -0.0258066
125901 3163 -0.000336356
125902 3163 -0.327212
125903 3163 -0.223834
125925 3164 0.0544219
125926 3164 -0.0181996
125927 3164 -0.20856
125928 3164 2.82611e-05
125929 3164 -0.000130316
125930 3164 1.14448
125940 3164 0.188808
125941 3164 -0.0259649
125942 3164 -0.0692203
125946 3164 -0.000144674
125947 3164 -0.223893
125948 3164 -0.121926
136827 3435 -0.00327774
136828 3435 0.153312
136829 3435 -0.0310128
136836 3435 1.14499
136837 3435 -0.000186231
136838 3435 -0.000144113
136842 3435 -0.0923111
136843 3435 -0.156974
136844 3435 -0.0314832
136848 3435 -0.382338
136849 3435 0.0615394
136850 3435 0.177612
136854 3435 0.0217805
136855 3435 -0.00109088
136856 3435 -0.000362336
136857 3435 -0.00273859
136858 3435 -0.0860447
136859 3435 0.0651302
136872 3436 0.152577
136873 3436 -0.0975873
136874 3436 0.0411028
136881 3436 -0.000186231
136882 3436 1.14466
136883 3436 -0.000327155
136887 3436 -0.156676
136888 3436 -0.0120282
136889 3436 -0.0240977
136893 3436 0.0619347
136894 3436 0.0124047
136895 3436 -0.0272087
136899 3436 -0.000106414
136900 3436 -0.324956
136901 3436 -0.224888
136902 3436 -0.0845509
136903 3436 -0.27499
136904 3436 0.225815
136917 3437 -0.0303306
136918 3437 0.0415971
136919 3437 0.101418
136926 3437 -0.000144113
136927 3437 -0.000327155
136928 3437 1.1449
136932 3437 -0.0313981
136933 3437 -0.0242284
136934 3437 0.10459
136938 3437 0.18011
136939 3437 -0.0274755
136940 3437 -0.0573177
136944 3437 0.000441608
136945 3437 -0.224426
136946 3437 -0.123477
136947 3437 0.0632982
136948 3437 0.225186
136949 3437 -0.149657
139095 3489 -0.00484089
139096 3489 0.152929
139097 3489 -0.0339668
139104 3489 1.14439
139105 3489 0.000455373
139106 3489 -0.000635433
139119 3489 -0.197988
139120 3489 0.0247231
139121 3489 -0.241149
139125 3489 -0.0048451
139126 3489 -0.0890699
139127 3489 0.0667244
139140 3490 0.152345
139141 3490 -0.0943411
139142 3490 0.0459318
139149 3490 0.000455373
139150 3490 1.14485
139151 3490 -0.000144806
139164 3490 0.0227325
139165 3490 0.019416
139166 3490 0.0254065
139170 3490 -0.0893323
139171 3490 -0.277265
139172 3490 0.223694
139185 3491 -0.0340159
139186 3491 0.0452905
139187 3491 0.0996189
139194 3491 -0.000635433
139195 3491 -0.000144806
139196 3491 1.14531
139209 3491 -0.245231
139210 3491 0.027258
139211 3491 -0.248396
139215 3491 0.0673373
139216 3491 0.223037
139217 3491 -0.144923
139230 3492 -0.0046791
139231 3492 0.153935
139232 3492 -0.0311965
139233 3492 -0.0923111
139234 3492 -0.156676
139235 3492 -0.0313981
139239 3492 1.14516
139240 3492 -0.000568162
139241 3492 -0.000697838
139245 3492 -0.0916026
139246 3492 -0.156838
139247 3492 -0.0314979
139251 3492 -0.383697
139252 3492 0.0607066
139253 3492 0.176798
139254 3492 -0.208452
139255 3492 0.0244265
139256 3492 -0.242266
139257 3492 0.0219389
139258 3492 0.00124182
139259 3492 0.00132279
139260 3492 -0.00266968
139261 3492 -0.0860085
139262 3492 0.064295
139272 3492 -0.382073
139273 3492 0.0601879
139274 3492 0.180262
139275 3493 0.152658
139276 3493 -0.096389
139277 3493 0.0417725
139278 3493 -0.156974
139279 3493 -0.0120282
139280 3493 -0.0242284
139284 3493 -0.000568162
139285 3493 1.14417
139286 3493 0.000204555
139290 3493 -0.157145
139291 3493 -0.0128829
139292 3493 -0.0244452
139296 3493 0.0602751
139297 3493 0.012958
139298 3493 -0.0261907
139299 3493 0.0249267
139300 3493 0.0192033
139301 3493 0.0262331
139302 3493 0.00256056
139303 3493 -0.324374
139304 3493 -0.225299
139305 3493 -0.0850106
139306 3493 -0.275836
139307 3493 0.225077
139317 3493 0.0605857
139318 3493 0.0128687
139319 3493 -0.0271092
139320 3494 -0.0305507
139321 3494 0.0421149
139322 3494 0.101112
139323 3494 -0.0314832
139324 3494 -0.0240977
139325 3494 0.10459
139329 3494 -0.000697838
139330 3494 0.000204555
139331 3494 1.14522
139335 3494 -0.0317548
139336 3494 -0.0246832
139337 3494 0.104456
139341 3494 0.179335
139342 3494 -0.0268897
139343 3494 -0.0559793
139344 3494 -0.247173
139345 3494 0.0260725
139346 3494 -0.237143
139347 3494 0.00209012
139348 3494 -0.224756
139349 3494 -0.124151
139350 3494 0.0638617
139351 3494 0.22448
139352 3494 -0.148941
139362 3494 0.17849
139363 3494 -0.0267575
139364 3494 -0.0579191
139365 3495 -0.00726986
139366 3495 0.154276
139367 3495 -0.0303583
139374 3495 1.14506
139375 3495 2.28632e-05
139376 3495 -0.000150555
139386 3495 -0.377331
139387 3495 0.060425
139388 3495 0.183529
139392 3495 0.0220524
139393 3495 -0.00175675
139394 3495 -0.00112507
139410 3496 0.154507
139411 3496 -0.0943672
139412 3496 0.0383245
139419 3496 2.28632e-05
139420 3496 1.14456
139421 3496 -0.000100181
139431 3496 0.0592687
139432 3496 0.01302
139433 3496 -0.0272791
139437 3496 -0.00119978
139438 3496 -0.326054
139439 3496 -0.224325
139455 3497 -0.029644
139456 3497 0.0396767
139457 3497 0.102151
139464 3497 -0.000150555
139465 3497 -0.000100181
139466 3497 1.14494
139476 3497 0.183677
139477 3497 -0.027704
139478 3497 -0.0626413
139482 3497 -0.0010171
139483 3497 -0.224552
139484 3497 -0.122918
141480 3546 -0.0916026
141481 3546 -0.157145
141482 3546 -0.0317548
141486 3546 0.659351
141487 3546 0.0146887
141488 3546 -0.0218467
141495 3546 -0.192379
141496 3546 0.100444
141497 3546 0.0885116
141498 3546 -0.138569
141499 3546 0.0794078
141500 3546 -0.14282
141507 3546 0.0221958
141508 3546 0.00154526
141509 3546 0.000646153
141516 3547 -0.156838
141517 3547 -0.0128829
141518 3547 -0.0246832
141522 3547 0.0146887
141523 3547 0.643794
141524 3547 -0.0720377
141531 3547 -0.0407336
141532 3547 0.00652433
141533 3547 0.00310818
141534 3547 0.00428817
141535 3547 -0.00296018
141536 3547 -0.01864
141543 3547 0.000245586
141544 3547 -0.325777
141545 3547 -0.224544
141552 3548 -0.0314979
141553 3548 -0.0244452
141554 3548 0.104456
141558 3548 -0.0218467
141559 3548 -0.0720377
141560 3548 0.707662
141567 3548 0.0894987
141568 3548 -0.0304285
141569 3548 -0.0272845
141570 3548 -0.193618
141571 3548 0.066932
141572 3548 -0.141332
141579 3548 0.000206485
141580 3548 -0.224565
141581 3548 -0.123102
306360 7776 -0.114508
306361 7776 -0.00952542
306362 7776 -0.18044
306363 7776 -0.370838
306364 7776 0.0503577
306365 7776 0.191658
306372 7776 0.85553
306373 7776 -0.016625
306374 7776 0.0625543
306378 7776 -0.0531906
306379 7776 -0.139314
306380 7776 -0.0435483
306402 7777 0.0276606
306403 7777 0.0100289
306404 7777 0.0487201
306405 7777 0.0484507
306406 7777 0.0156266
306407 7777 -0.0235743
306414 7777 -0.016625
306415 7777 0.876785
306416 7777 -0.0557963
306420 7777 -0.126707
306421 7777 -0.00150439
306422 7777 -0.045336
306444 7778 -0.0660743
306445 7778 -0.0312129
306446 7778 -0.110228
306447 7778 0.192435
306448 7778 -0.0248164
306449 7778 -0.0720966
306456 7778 0.0625543
306457 7778 -0.0557963
306458 7778 0.705616
306462 7778 0.0236146
306463 7778 0.00919454
306464 7778 0.0541887
308334 7824 0.00359386
308335 7824 -0.00356533
308336 7824 0.000106529
308337 7824 0.0218514
308338 7824 0.00307214
308339 7824 0.00182015
308340 7824 -0.114112
308341 7824 -0.0111879
308342 7824 -0.181268
308343 7824 -0.372078
308344 7824 0.0475884
308345 7824 0.191032
308349 7824 -0.0531906
308350 7824 -0.126707
308351 7824 0.0236146
308352 7824 0.856158
308353 7824 -0.0140855
308354 7824 0.0633229
308358 7824 -0.0506958
308359 7824 -0.139775
308360 7824 -0.0428744
308361 7824 -0.014819
308362 7824 0.158241
308363 7824 -0.0288123
308376 7825 -0.0644395
308377 7825 -0.138248
308378 7825 0.176392
308379 7825 0.00070494
308380 7825 -0.327448
308381 7825 -0.223327
308382 7825 0.0264464
308383 7825 0.0105917
308384 7825 0.0471676
308385 7825 0.0455112
308386 7825 0.0166495
308387 7825 -0.0218471
308391 7825 -0.139314
308392 7825 -0.00150439
308393 7825 0.00919454
308394 7825 -0.0140855
308395 7825 0.876018
308396 7825 -0.0556424
308400 7825 -0.127037
308401 7825 -0.00419548
308402 7825 -0.0459193
308403 7825 0.15591
308404 7825 -0.086162
308405 7825 0.0350646
308418 7826 0.0524574
308419 7826 0.0540942
308420 7826 -0.0779137
308421 7826 0.000234507
308422 7826 -0.223551
308423 7826 -0.121328
308424 7826 -0.0657029
308425 7826 -0.0317102
308426 7826 -0.110764
308427 7826 0.192374
308428 7826 -0.0231197
308429 7826 -0.0717798
308433 7826 -0.0435483
308434 7826 -0.045336
308435 7826 0.0541887
308436 7826 0.0633229
308437 7826 -0.0556424
308438 7826 0.705755
308442 7826 0.0234485
308443 7826 0.00897063
308444 7826 0.0543073
308445 7826 -0.0287908
308446 7826 0.0357363
308447 7826 0.102948
310212 7869 -0.014385
310213 7869 -0.012066
310214 7869 0.013617
310215 7869 0.0213903
310216 7869 0.00669333
310217 7869 0.00432533
310218 7869 -0.186745
310219 7869 -0.00523496
310220 7869 0.0325877
310224 7869 -0.0506958
310225 7869 -0.127037
310226 7869 0.0234485
310227 7869 0.518277
310228 7869 -0.0287809
310229 7869 0.0455597
310233 7869 -0.00906112
310234 7869 0.03966
310235 7869 -0.0408517
310245 7870 -0.0323432
310246 7870 -0.11053
310247 7870 0.141454
310248 7870 0.00443193
310249 7870 -0.328585
310250 7870 -0.223722
310251 7870 0.0514659
310252 7870 0.00821092
310253 7870 -0.0322193
310257 7870 -0.139775
310258 7870 -0.00419548
310259 7870 0.00897063
310260 7870 -0.0287809
310261 7870 0.545965
310262 7870 0.028737
310266 7870 0.11773
310267 7870 -0.0420639
310268 7870 0.0586321
310278 7871 0.00257628
310279 7871 0.019388
310280 7871 -0.0174592
310281 7871 0.00257992
310282 7871 -0.222867
310283 7871 -0.120342
310284 7871 0.159394
310285 7871 0.00879986
310286 7871 -0.0350288
310290 7871 -0.0428744
310291 7871 -0.0459193
310292 7871 0.0543073
310293 7871 0.0455597
310294 7871 0.028737
310295 7871 0.519442
310299 7871 0.010033
310300 7871 -0.0221918
310301 7871 0.051125
317493 8067 -0.0914585
317494 8067 0.0087706
317495 8067 -0.0284935
317496 8067 0.00149581
317497 8067 -0.0683764
317498 8067 0.0540215
317499 8067 0.000162327
317500 8067 -0.00570071
317501 8067 -0.00285574
317502 8067 -0.00123048
317503 8067 0.0196855
317504 8067 0.0249973
317505 8067 -0.107686
317506 8067 -0.0047403
317507 8067 -0.178853
317508 8067 -0.371857
317509 8067 0.0583541
317510 8067 0.187556
317511 8067 0.528718
317512 8067 -0.0366345
317513 8067 -0.0353601
317514 8067 0.100711
317515 8067 0.00323499
317516 8067 0.0522653
317517 8067 -0.0465715
317518 8067 -0.128357
317519 8067 -0.0445643
317520 8067 -0.00423161
317521 8067 0.153867
317522 8067 -0.0291857
317523 8068 0.00508647
317524 8068 -0.012029
317525 8068 0.00297766
317526 8068 -0.0070377
317527 8068 -0.137469
317528 8068 0.0536428
317529 8068 -0.101247
317530 8068 -0.0748589
317531 8068 0.0957061
317532 8068 -0.0787404
317533 8068 -0.22001
317534 8068 -0.134244
317535 8068 0.0304506
317536 8068 0.00939
317537 8068 0.0553245
317538 8068 0.0593213
317539 8068 0.0125247
317540 8068 -0.028169
317541 8068 -0.0366345
317542 8068 0.42223
317543 8068 -0.0367736
317544 8068 0.00240278
317545 8068 0.108723
317546 8068 -0.018506
317547 8068 -0.0292832
317548 8068 -0.00663989
317549 8068 -0.028762
317550 8068 0.153283
317551 8068 -0.0968313
317552 8068 0.0397045
317553 8069 -0.152509
317554 8069 0.0178495
317555 8069 -0.038725
317556 8069 0.00483283
317557 8069 0.175303
317558 8069 -0.0775891
317559 8069 0.0552699
317560 8069 0.0419563
317561 8069 -0.0676781
317562 8069 -0.0386474
317563 8069 -0.17143
317564 8069 -0.0634816
317565 8069 -0.0660885
317566 8069 -0.0290611
317567 8069 -0.114747
317568 8069 0.188309
317569 8069 -0.0275684
317570 8069 -0.0675558
317571 8069 -0.0353601
317572 8069 -0.0367736
317573 8069 0.49036
317574 8069 0.051953
317575 8069 -0.0185873
317576 8069 -0.209445
317577 8069 0.0193331
317578 8069 0.00870515
317579 8069 0.0532114
317580 8069 -0.0295336
317581 8069 0.0387766
317582 8069 0.102281
317583 8070 -0.368685
317584 8070 0.0544199
317585 8070 0.192787
317589 8070 0.0221236
317590 8070 -0.00366345
317591 8070 -0.00223437
317601 8070 -0.222087
317602 8070 0.0234333
317603 8070 -0.24732
317613 8070 0.100711
317614 8070 0.00240278
317615 8070 0.051953
317616 8070 1.1441
317617 8070 4.65602e-05
317618 8070 0.000246003
317628 8071 0.0556232
317629 8071 0.013509
317630 8071 -0.0271102
317634 8071 -0.00402147
317635 8071 -0.328283
317636 8071 -0.223488
317646 8071 0.0212773
317647 8071 0.0194934
317648 8071 0.0218096
317658 8071 0.00323499
317659 8071 0.108723
317660 8071 -0.0185873
317661 8071 4.65602e-05
317662 8071 1.14544
317663 8071 0.000364945
317673 8072 0.190485
317674 8072 -0.0267881
317675 8072 -0.0718246
317679 8072 -0.00283085
317680 8072 -0.223728
317681 8072 -0.121013
317691 8072 -0.243281
317692 8072 0.0233525
317693 8072 -0.224362
317703 8072 0.0522653
317704 8072 -0.018506
317705 8072 -0.209445
317706 8072 0.000246003
317707 8072 0.000364945
317708 8072 1.14501
319671 8121 -0.111852
319672 8121 0.0292934
319673 8121 -0.0661534
319674 8121 -0.0155064
319675 8121 -0.0354944
319676 8121 0.00323908
319677 8121 -0.000322781
319678 8121 -0.0090767
319679 8121 0.00748276
319680 8121 0.0223057
319681 8121 -0.00477015
319682 8121 -0.00309215
319683 8121 -0.0705177
319684 8121 -0.0556675
319685 8121 -0.101086
319686 8121 -0.264385
319687 8121 -0.037798
319688 8121 0.087989
319689 8121 -0.0465715
319690 8121 -0.0292832
319691 8121 0.0193331
319692 8121 0.398873
319693 8121 -0.0143338
319694 8121 0.0286667
319695 8121 0.100923
319696 8121 0.00324269
319697 8121 0.0526017
319698 8121 -0.00631205
319699 8121 0.153994
319700 8121 -0.0291857
319701 8122 -0.00788628
319702 8122 0.0103054
319703 8122 -0.0309392
319704 8122 -0.0145163
319705 8122 -0.109785
319706 8122 0.0190441
319707 8122 -0.072547
319708 8122 -0.13751
319709 8122 0.174304
319710 8122 -0.00346714
319711 8122 -0.327397
319712 8122 -0.224399
319713 8122 0.020884
319714 8122 0.0222555
319715 8122 0.0440471
319716 8122 0.0622965
319717 8122 0.00615446
319718 8122 -0.0405029
319719 8122 -0.128357
319720 8122 -0.00663989
319721 8122 0.00870515
319722 8122 -0.0143338
319723 8122 0.535591
319724 8122 0.0295394
319725 8122 0.00265689
319726 8122 0.108515
319727 8122 -0.018565
319728 8122 0.154367
319729 8122 -0.095791
319730 8122 0.0389833
319731 8123 -0.179225
319732 8123 0.0520551
319733 8123 -0.112016
319734 8123 0.0169755
319735 8123 0.140184
319736 8123 -0.0170838
319737 8123 0.0552693
319738 8123 0.0527056
319739 8123 -0.0757296
319740 8123 -0.00203668
319741 8123 -0.2235
319742 8123 -0.121907
319743 8123 -0.0524897
319744 8123 -0.0400929
319745 8123 -0.0941125
319746 8123 0.152774
319747 8123 -0.00279285
319748 8123 -0.0263784
319749 8123 -0.0445643
319750 8123 -0.028762
319751 8123 0.0532114
319752 8123 0.0286667
319753 8123 0.0295394
319754 8123 0.506844
319755 8123 0.0531063
319756 8123 -0.0187661
319757 8123 -0.208917
319758 8123 -0.0293302
319759 8123 0.0393718
319760 8123 0.102103
319761 8124 -0.369711
319762 8124 0.0538929
319763 8124 0.192017
319764 8124 -0.225738
319765 8124 0.0185005
319766 8124 -0.244524
319767 8124 0.0218744
319768 8124 -0.000863289
319769 8124 -0.000719236
319773 8124 0.00300869
319774 8124 -0.0736687
319775 8124 0.0564144
319779 8124 -0.221947
319780 8124 0.0214308
319781 8124 -0.246749
319782 8124 -0.37215
319783 8124 0.0541419
319784 8124 0.188808
319785 8124 -0.014819
319786 8124 0.15591
319787 8124 -0.0287908
319791 8124 0.100923
319792 8124 0.00265689
319793 8124 0.0531063
319794 8124 1.1449
319795 8124 0.000638831
319796 8124 -0.00101824
319800 8124 -0.0884616
319801 8124 -0.158897
319802 8124 -0.0241967
319806 8125 0.0537015
319807 8125 0.014176
319808 8125 -0.0256895
319809 8125 0.0200052
319810 8125 0.0198297
319811 8125 0.0196975
319812 8125 -0.000479882
319813 8125 -0.328557
319814 8125 -0.223085
319818 8125 -0.0781634
319819 8125 -0.275554
319820 8125 0.228766
319824 8125 0.0198936
319825 8125 0.0194136
319826 8125 0.0209747
319827 8125 0.0542432
319828 8125 0.0143891
319829 8125 -0.0259649
319830 8125 0.158241
319831 8125 -0.086162
319832 8125 0.0357363
319836 8125 0.00324269
319837 8125 0.108515
319838 8125 -0.0187661
319839 8125 0.000638831
319840 8125 1.14507
319841 8125 0.00098638
319845 8125 -0.159003
319846 8125 -0.018407
319847 8125 -0.0191842
319851 8126 0.19062
319852 8126 -0.0262052
319853 8126 -0.0712557
319854 8126 -0.246091
319855 8126 0.0190643
319856 8126 -0.221358
319857 8126 -0.000462067
319858 8126 -0.223987
319859 8126 -0.12079
319863 8126 0.0599618
319864 8126 0.228793
319865 8126 -0.153896
319869 8126 -0.244667
319870 8126 0.0221619
319871 8126 -0.225918
319872 8126 0.190047
319873 8126 -0.0258066
319874 8126 -0.0692203
319875 8126 -0.0288123
319876 8126 0.0350646
319877 8126 0.102948
319881 8126 0.0526017
319882 8126 -0.018565
319883 8126 -0.208917
319884 8126 -0.00101824
319885 8126 0.00098638
319886 8126 1.14459
319890 8126 -0.0241878
319891 8126 -0.0197225
319892 8126 0.106629
321651 8169 -0.185112
321652 8169 0.0539858
321653 8169 0.159825
321654 8169 -0.22488
321655 8169 0.0162505
321656 8169 -0.244832
321657 8169 0.0211064
321658 8169 -0.0577374
321659 8169 0.0390417
321660 8169 0.0197677
321661 8169 -0.0377747
321662 8169 0.053154
321663 8169 0.0222299
321664 8169 -0.000336356
321665 8169 -0.000144674
321672 8169 -0.00906112
321673 8169 0.11773
321674 8169 0.010033
321675 8169 -0.0884616
321676 8169 -0.159003
321677 8169 -0.0241878
321678 8169 0.889901
321679 8169 -0.00881262
321680 8169 0.0173252
321690 8170 -0.00408048
321691 8170 0.00674014
321692 8170 0.00790566
321693 8170 0.0179029
321694 8170 0.0195081
321695 8170 0.0177089
321696 8170 -0.0344248
321697 8170 -0.166898
321698 8170 0.0890618
321699 8170 -0.0609684
321700 8170 -0.165675
321701 8170 0.209906
321702 8170 -0.0007641
321703 8170 -0.327212
321704 8170 -0.223893
321711 8170 0.03966
321712 8170 -0.0420639
321713 8170 -0.0221918
321714 8170 -0.158897
321715 8170 -0.018407
321716 8170 -0.0197225
321717 8170 -0.00881262
321718 8170 0.666887
321719 8170 -0.0755959
321729 8171 0.0322456
321730 8171 -0.0320795
321731 8171 -0.0351894
321732 8171 -0.245875
321733 8171 0.016624
321734 8171 -0.222492
321735 8171 0.0495088
321736 8171 0.211293
321737 8171 -0.137794
321738 8171 0.040607
321739 8171 0.0887081
321740 8171 -0.137084
321741 8171 -0.00073692
321742 8171 -0.223834
321743 8171 -0.121926
321750 8171 -0.0408517
321751 8171 0.0586321
321752 8171 0.051125
321753 8171 -0.0241967
321754 8171 -0.0191842
321755 8171 0.106629
321756 8171 0.0173252
321757 8171 -0.0755959
321758 8171 0.738769
329904 8391 -0.00192683
329905 8391 -0.0772616
329906 8391 0.0568239
329916 8391 -0.382338
329917 8391 0.0619347
329918 8391 0.18011
329925 8391 0.781605
329926 8391 0.0862135
329927 8391 0.00328675
329931 8391 -0.0779622
329932 8391 -0.147611
329933 8391 -0.0301739
329946 8392 -0.010482
329947 8392 -0.138092
329948 8392 0.0527054
329958 8392 0.0615394
329959 8392 0.0124047
329960 8392 -0.0274755
329967 8392 0.0862135
329968 8392 0.741396
329969 8392 -0.0181561
329973 8392 -0.0622191
329974 8392 -0.0257307
329975 8392 -0.00558913
329988 8393 0.00929705
329989 8393 0.172299
329990 8393 -0.0742225
330000 8393 0.177612
330001 8393 -0.0272087
330002 8393 -0.0573177
330009 8393 0.00328675
330010 8393 -0.0181561
330011 8393 0.914931
330015 8393 -0.034769
330016 8393 -0.0229033
330017 8393 0.103497
330021 8394 -0.376244
330022 8394 0.0635146
330023 8394 0.182322
330024 8394 -0.215933
330025 8394 0.0242169
330026 8394 -0.242575
330027 8394 0.0219879
330028 8394 -0.00464687
330029 8394 -0.00339077
330045 8394 -0.00423161
330046 8394 0.153283
330047 8394 -0.0295336
330054 8394 1.14422
330055 8394 0.000111968
330056 8394 9.89905e-05
330066 8395 0.0624099
330067 8395 0.0119923
330068 8395 -0.0290891
330069 8395 0.0259711
330070 8395 0.0193251
330071 8395 0.0265366
330072 8395 -0.0048619
330073 8395 -0.326219
330074 8395 -0.224547
330090 8395 0.153867
330091 8395 -0.0968313
330092 8395 0.0387766
330099 8395 0.000111968
330100 8395 1.14529
330101 8395 0.000339399
330111 8396 0.183829
330112 8396 -0.0291625
330113 8396 -0.0623161
330114 8396 -0.247826
330115 8396 0.0249492
330116 8396 -0.229999
330117 8396 -0.00339523
330118 8396 -0.22451
330119 8396 -0.122836
330135 8396 -0.0291857
330136 8396 0.0397045
330137 8396 0.102281
330144 8396 9.89905e-05
330145 8396 0.000339399
330146 8396 1.14504
332292 8445 -0.103255
332293 8445 0.0301122
332294 8445 -0.0658947
332295 8445 0.00792304
332296 8445 -0.0611476
332297 8445 -0.0175603
332298 8445 -0.00146328
332299 8445 -0.0773225
332300 8445 0.0566227
332304 8445 0.0217805
332305 8445 -0.000106414
332306 8445 0.000441608
332307 8445 -0.197988
332308 8445 0.0227325
332309 8445 -0.245231
332310 8445 -0.383697
332311 8445 0.0602751
332312 8445 0.179335
332313 8445 -0.0779622
332314 8445 -0.0622191
332315 8445 -0.034769
332319 8445 0.781082
332320 8445 0.0870876
332321 8445 0.00389891
332322 8445 0.0980904
332323 8445 0.00389913
332324 8445 0.0622297
332325 8445 -0.0762776
332326 8445 -0.146944
332327 8445 -0.0321173
332334 8446 -0.00388378
332335 8446 0.0092179
332336 8446 -0.0290457
332337 8446 0.0135553
332338 8446 -0.0925814
332339 8446 -0.0388824
332340 8446 -0.0105246
332341 8446 -0.138503
332342 8446 0.052971
332346 8446 -0.00109088
332347 8446 -0.324956
332348 8446 -0.224426
332349 8446 0.0247231
332350 8446 0.019416
332351 8446 0.027258
332352 8446 0.0607066
332353 8446 0.012958
332354 8446 -0.0268897
332355 8446 -0.147611
332356 8446 -0.0257307
332357 8446 -0.0229033
332361 8446 0.0870876
332362 8446 0.742048
332363 8446 -0.0175379
332364 8446 0.00380882
332365 8446 0.108708
332366 8446 -0.0174908
332367 8446 -0.0629096
332368 8446 -0.026344
332369 8446 -0.00645177
332376 8447 -0.178102
332377 8447 0.0577201
332378 8447 -0.119525
332379 8447 0.0319096
332380 8447 -0.125908
332381 8447 -0.0577483
332382 8447 0.0095851
332383 8447 0.171822
332384 8447 -0.0737267
332388 8447 -0.000362336
332389 8447 -0.224888
332390 8447 -0.123477
332391 8447 -0.241149
332392 8447 0.0254065
332393 8447 -0.248396
332394 8447 0.176798
332395 8447 -0.0261907
332396 8447 -0.0559793
332397 8447 -0.0301739
332398 8447 -0.00558913
332399 8447 0.103497
332403 8447 0.00389891
332404 8447 -0.0175379
332405 8447 0.914802
332406 8447 0.0613196
332407 8447 -0.0178425
332408 8447 -0.205065
332409 8447 -0.0365884
332410 8447 -0.0238748
332411 8447 0.102916
332415 8448 -0.37666
332416 8448 0.062659
332417 8448 0.182465
332418 8448 -0.21616
332419 8448 0.023552
332420 8448 -0.243315
332421 8448 0.0223726
332422 8448 -0.00278302
332423 8448 -0.00144988
332424 8448 8.78485e-05
332425 8448 -0.0821165
332426 8448 0.061853
332427 8448 -0.00273859
332428 8448 -0.0845509
332429 8448 0.0632982
332433 8448 -0.208452
332434 8448 0.0249267
332435 8448 -0.247173
332436 8448 -0.377331
332437 8448 0.0592687
332438 8448 0.183677
332439 8448 -0.00631205
332440 8448 0.154367
332441 8448 -0.0293302
332445 8448 0.0980904
332446 8448 0.00380882
332447 8448 0.0613196
332448 8448 1.14492
332449 8448 -0.000820361
332450 8448 -6.39639e-05
332454 8448 -0.0922539
332455 8448 -0.156979
332456 8448 -0.0288263
332460 8449 0.0616143
332461 8449 0.0120683
332462 8449 -0.0280641
332463 8449 0.0250194
332464 8449 0.0192555
332465 8449 0.0256889
332466 8449 -0.00389439
332467 8449 -0.326625
332468 8449 -0.224633
332469 8449 -0.0801255
332470 8449 -0.276073
332471 8449 0.227404
332472 8449 -0.0860447
332473 8449 -0.27499
332474 8449 0.225186
332478 8449 0.0244265
332479 8449 0.0192033
332480 8449 0.0260725
332481 8449 0.060425
332482 8449 0.01302
332483 8449 -0.027704
332484 8449 0.153994
332485 8449 -0.095791
332486 8449 0.0393718
332490 8449 0.00389913
332491 8449 0.108708
332492 8449 -0.0178425
332493 8449 -0.000820361
332494 8449 1.14592
332495 8449 0.000995951
332499 8449 -0.157719
332500 8449 -0.0127558
332501 8449 -0.0223324
332505 8450 0.182222
332506 8450 -0.0284193
332507 8450 -0.0620915
332508 8450 -0.247213
332509 8450 0.0252554
332510 8450 -0.230029
332511 8450 -0.00237614
332512 8450 -0.224504
332513 8450 -0.123068
332514 8450 0.0606926
332515 8450 0.226413
332516 8450 -0.151275
332517 8450 0.0651302
332518 8450 0.225815
332519 8450 -0.149657
332523 8450 -0.242266
332524 8450 0.0262331
332525 8450 -0.237143
332526 8450 0.183529
332527 8450 -0.0272791
332528 8450 -0.0626413
332529 8450 -0.0291857
332530 8450 0.0389833
332531 8450 0.102103
332535 8450 0.0622297
332536 8450 -0.0174908
332537 8450 -0.205065
332538 8450 -6.39639e-05
332539 8450 0.000995951
332540 8450 1.14372
332544 8450 -0.0294311
332545 8450 -0.021838
332546 8450 0.105239
334611 8499 -0.129227
334612 8499 0.043534
334613 8499 0.0332137
334614 8499 -0.0672034
334615 8499 0.0201896
334616 8499 -0.0516251
334617 8499 -0.0048451
334618 8499 -0.0893323
334619 8499 0.0673373
334620 8499 0.0219389
334621 8499 0.00256056
334622 8499 0.00209012
334626 8499 -0.192379
334627 8499 -0.0407336
334628 8499 0.0894987
334629 8499 -0.0762776
334630 8499 -0.0629096
334631 8499 -0.0365884
334635 8499 0.463276
334636 8499 0.0147923
334637 8499 -0.021575
334638 8499 0.0486476
334639 8499 -0.0108366
334640 8499 0.0237885
334644 8500 -0.0539533
334645 8500 0.0200222
334646 8500 0.0080862
334647 8500 -0.0543961
334648 8500 0.0224177
334649 8500 -0.0406712
334650 8500 -0.0890699
334651 8500 -0.277265
334652 8500 0.223037
334653 8500 0.00124182
334654 8500 -0.324374
334655 8500 -0.224756
334659 8500 0.100444
334660 8500 0.00652433
334661 8500 -0.0304285
334662 8500 -0.146944
334663 8500 -0.026344
334664 8500 -0.0238748
334668 8500 0.0147923
334669 8500 0.561603
334670 8500 0.00332428
334671 8500 0.0139742
334672 8500 0.0541034
334673 8500 -0.0681811
334677 8501 0.0922883
334678 8501 -0.0404546
334679 8501 -0.0324613
334680 8501 -0.100706
334681 8501 0.0454451
334682 8501 -0.097589
334683 8501 0.0667244
334684 8501 0.223694
334685 8501 -0.144923
334686 8501 0.00132279
334687 8501 -0.225299
334688 8501 -0.124151
334692 8501 0.0885116
334693 8501 0.00310818
334694 8501 -0.0272845
334695 8501 -0.0321173
334696 8501 -0.00645177
334697 8501 0.102916
334701 8501 -0.021575
334702 8501 0.00332428
334703 8501 0.558804
334704 8501 0.0394916
334705 8501 0.05191
334706 8501 -0.102751
334710 8502 -0.19007
334711 8502 0.101317
334712 8502 0.0909346
334713 8502 -0.143506
334714 8502 0.0795225
334715 8502 -0.142642
334719 8502 -0.00266968
334720 8502 -0.0850106
334721 8502 0.0638617
334722 8502 0.0220524
334723 8502 -0.00119978
334724 8502 -0.0010171
334725 8502 -0.138569
334726 8502 0.00428817
334727 8502 -0.193618
334731 8502 -0.0922539
334732 8502 -0.157719
334733 8502 -0.0294311
334734 8502 0.0486476
334735 8502 0.0139742
334736 8502 0.0394916
334737 8502 0.836844
334738 8502 0.0301105
334739 8502 -0.0479364
334746 8502 -0.00547523
334747 8502 0.153587
334748 8502 -0.0307968
334749 8503 -0.0399384
334750 8503 0.00643612
334751 8503 0.00315501
334752 8503 0.00374737
334753 8503 -0.0029219
334754 8503 -0.0189109
334758 8503 -0.0860085
334759 8503 -0.275836
334760 8503 0.22448
334761 8503 -0.00175675
334762 8503 -0.326054
334763 8503 -0.224552
334764 8503 0.0794078
334765 8503 -0.00296018
334766 8503 0.066932
334770 8503 -0.156979
334771 8503 -0.0127558
334772 8503 -0.021838
334773 8503 -0.0108366
334774 8503 0.0541034
334775 8503 0.05191
334776 8503 0.0301105
334777 8503 0.684386
334778 8503 -0.100517
334785 8503 0.153651
334786 8503 -0.095546
334787 8503 0.0414603
334788 8504 0.0898581
334789 8504 -0.0324153
334790 8504 -0.0299279
334791 8504 -0.193687
334792 8504 0.0646761
334793 8504 -0.136604
334797 8504 0.064295
334798 8504 0.225077
334799 8504 -0.148941
334800 8504 -0.00112507
334801 8504 -0.224325
334802 8504 -0.122918
334803 8504 -0.14282
334804 8504 -0.01864
334805 8504 -0.141332
334809 8504 -0.0288263
334810 8504 -0.0223324
334811 8504 0.105239
334812 8504 0.0237885
334813 8504 -0.0681811
334814 8504 -0.102751
334815 8504 -0.0479364
334816 8504 -0.100517
334817 8504 0.774327
334824 8504 -0.0311993
334825 8504 0.040508
334826 8504 0.101414
348984 8862 -0.382073
348985 8862 0.0605857
348986 8862 0.17849
348990 8862 0.0221958
348991 8862 0.000245586
348992 8862 0.000206485
349008 8862 -0.00547523
349009 8862 0.153651
349010 8862 -0.0311993
349017 8862 1.14484
349018 8862 4.36918e-06
349019 8862 8.91224e-07
349029 8863 0.0601879
349030 8863 0.0128687
349031 8863 -0.0267575
349035 8863 0.00154526
349036 8863 -0.325777
349037 8863 -0.224565
349053 8863 0.153587
349054 8863 -0.095546
349055 8863 0.040508
349062 8863 4.36918e-06
349063 8863 1.14485
349064 8863 4.59974e-06
349074 8864 0.180262
349075 8864 -0.0271092
349076 8864 -0.0579191
349080 8864 0.000646153
349081 8864 -0.224544
349082 8864 -0.123102
349098 8864 -0.0307968
349099 8864 0.0414603
349100 8864 0.101414
349107 8864 8.91224e-07
349108 8864 4.59974e-06
349109 8864 1.14486
