0 0 14
3 0 2
5 0 16
6 0 7
8 0 4
9 0 2
10 0 3

1 1 14
2 1 10
4 1 3
7 1 7
9 1 9
10 1 7

1 2 10
2 2 22
3 2 3
4 2 2
5 2 1
6 2 4
7 2 7
9 2 16
10 2 13

0 3 2
2 3 3
3 3 14
5 3 19
7 3 12
8 3 2
9 3 17
10 3 6
1 4 3
2 4 2
4 4 30
6 4 8
7 4 19
9 4 5
10 4 12
0 5 16
2 5 1
3 5 19
5 5 79
6 5 4
7 5 4
8 5 13
9 5 33
10 5 2
0 6 7
2 6 4
4 6 8
5 6 4
6 6 21 
7 6 4
9 6 8
10 6 14
1 7 7
2 7 7
3 7 12
4 7 19
5 7 4
6 7 4
7 7 31
9 7 12
10 7 16
0 8 4
3 8 2
5 8 13
8 8 5
9 8 2
0 9 2
1 9 9
2 9 16
3 9 17
4 9 5
5 9 33
6 9 8
7 9 12
8 9 2
9 9 44
10 9 17
0 10 3
1 10 7
2 10 13
3 10 6
4 10 12
5 10 2
6 10 14
7 10 16
9 10 17
10 10 20