0 0 114
2 0 56
3 0 18
5 0 80
6 0 60
12 0 39
17 0 20
1 1 17
3 1 30
5 1 20
7 1 5
12 1 7
19 1 4
0 2 56
2 2 49
4 2 15
5 2 30
6 2 38
12 2 2
14 2 6
17 2 10
0 3 18
1 3 30
3 3 114
5 3 35
6 3 10
7 3 10
8 3 20
12 3 14
17 3 5
19 3  8
2 4 15
4 4 179
6 4 85
8 4 8
12 4 72
13 4 51
14 4 10
15 4 6
17 4 9
0 5 80
1 5 20
2 5 30
3 5 35
5 5 139
6 5 20
9 5 25
12 5 56
17 5 20
19 5 30
0 6 60
2 6 38
3 6 10
4 6 85
5 6 20
6 6 119
8 6 13
12 6 47
13 6 30
17 6 37
1 7 5
3 7 10
7 7 74
12 7 35
19 7 20
3 8 20
4 8 8
6 8 13
8 8 17
13 8 6
17 8 4
5 9 25
9 9 34
17 9 20
19 9 30
10 10 25
11 11 25
16 11 20
0 12 39
1 12 7
2 12 2
3 12 14
4 12 72
5 12 56
6 12 47
7 12 35
12 12 163
17 12 5
19 12 28
4 13 51
6 13 30
8 13 6
13 13 37
15 13 2
17 13 3
2 14 6
4 14 10
14 14 4
4 15 6
13 15 2
15 15 20
17 15 6
11 16 20
16 16 41
0 17 20
2 17 10
3 17 5
4 17 9
5 17 20
6 17 37
8 17 4
9 17 20
12 17 5
13 17 3
15 17 6
17 17 55
19 17 24
18 18 25
1 19 4
3 19 8
5 19 30
7 19 20
9 19 30
12 19 28
17 19 24
19 19 52