0 0 0.299179
1 0 -0.0662285
2 0 0.02858
3 0 0.0609555
4 0 0.198
5 0 -0.0828657
12 0 0.00143614
13 0 -0.016703
14 0 -0.0438995
15 0 -0.232323
16 0 -0.115861
17 0 -0.044876
18 1 -0.0662285
19 1 0.378179
20 1 -0.0489392
21 1 0.198342
22 1 -0.174553
23 1 0.145007
30 1 -0.0466824
31 1 0.0173001
32 1 0.132365
33 1 0.0668049
34 1 0.0404909
35 1 0.00895591
36 2 0.02858
37 2 -0.0489392
38 2 0.281067
39 2 -0.0821779
40 2 0.145385
41 2 0.113404
48 2 0.0618237
49 2 -0.0311967
50 2 -0.244613
51 2 -0.0868897
52 2 -0.0517136
53 2 -0.0342637
216 12 0.299544
217 12 -0.0658323
218 12 0.0266518
219 12 0.0617558
220 12 0.199551
221 12 -0.0794781
225 12 -0.0679778
226 12 0.036998
227 12 0.142071
231 12 -0.23287
232 12 -0.115531
233 12 -0.045454
234 13 -0.0658323
235 13 0.378527
236 13 -0.0472847
237 13 0.198989
238 13 -0.179016
239 13 0.140706
243 13 0.0684207
244 13 -0.0649093
245 13 -0.200246
249 13 0.0678636
250 13 0.0409397
251 13 0.00959708
252 14 0.0266518
253 14 -0.0472847
254 14 0.280354
255 14 -0.0792506
256 14 0.141449
257 14 0.117044
261 14 0.0378741
262 14 -0.0366341
263 14 -0.0926548
267 14 -0.0844518
268 14 -0.0499999
269 14 -0.0342433
270 15 0.301388
271 15 -0.0678221
272 15 0.0260805
273 15 0.0544509
274 15 0.203767
275 15 -0.0800739
276 15 -0.0386997
277 15 -0.0368735
278 15 0.000845741
282 15 0.002271
283 15 -0.0158224
284 15 -0.0466634
288 16 -0.0678221
289 16 0.37641
290 16 -0.0455306
291 16 0.203301
292 16 -0.174957
293 16 0.136662
294 16 -0.220936
295 16 -0.177062
296 16 -0.0380815
300 16 -0.046807
301 16 0.0148927
302 16 0.136134
306 17 0.0260805
307 17 -0.0455306
308 17 0.280627
309 17 -0.0805237
310 17 0.137218
311 17 0.120487
312 17 0.0380682
313 17 0.0206796
314 17 -0.00935374
318 17 0.0600164
319 17 -0.0260181
320 17 -0.243316
1233 54 0.0609555
1234 54 0.198342
1235 54 -0.0821779
1242 54 1.82733
1243 54 -0.00483899
1244 54 0.00097567
1260 54 -0.17366
1261 54 0.261775
1262 54 0.225808
1263 54 -0.0946599
1264 54 -0.288423
1265 54 0.0222234
1278 55 0.198
1279 55 -0.174553
1280 55 0.145385
1287 55 -0.00483899
1288 55 1.82532
1289 55 -0.0058343
1305 55 0.262423
1306 55 -0.295692
1307 55 -0.284257
1308 55 -0.285832
1309 55 -0.615075
1310 55 0.0479339
1323 56 -0.0828657
1324 56 0.145007
1325 56 0.113404
1332 56 0.00097567
1333 56 -0.0058343
1334 56 1.82589
1350 56 0.223858
1351 56 -0.285086
1352 56 -0.211678
1353 56 0.0223613
1354 56 0.0504482
1355 56 0.0299387
2070 75 0.0617558
2071 75 0.198989
2072 75 -0.0792506
2079 75 1.82469
2080 75 -0.00269472
2081 75 0.00492821
2094 75 0.0345177
2095 75 0.00576841
2096 75 -0.0167716
2100 75 -0.0971437
2101 75 -0.295031
2102 75 0.0186884
2115 76 0.199551
2116 76 -0.179016
2117 76 0.141449
2124 76 -0.00269472
2125 76 1.82965
2126 76 -0.00200076
2139 76 0.00506991
2140 76 -0.0395709
2141 76 0.229951
2145 76 -0.290217
2146 76 -0.612565
2147 76 0.0411733
2160 77 -0.0794781
2161 77 0.140706
2162 77 0.117044
2169 77 0.00492821
2170 77 -0.00200076
2171 77 1.8242
2184 77 -0.0176691
2185 77 0.229479
2186 77 -0.672418
2190 77 0.0207121
2191 77 0.0463662
2192 77 0.0316897
2205 78 0.0544509
2206 78 0.203301
2207 78 -0.0805237
2214 78 1.82607
2215 78 0.000695819
2216 78 -0.00319761
2226 78 -0.669025
2227 78 0.0229704
2228 78 -0.235399
2232 78 -0.177699
2233 78 0.258913
2234 78 0.236557
2250 79 0.203767
2251 79 -0.174957
2252 79 0.137218
2259 79 0.000695819
2260 79 1.82734
2261 79 -0.00463983
2271 79 0.022856
2272 79 0.0343516
2273 79 0.00615687
2277 79 0.255728
2278 79 -0.274848
2279 79 -0.2835
2295 80 -0.0800739
2296 80 0.136662
2297 80 0.120487
2304 80 -0.00319761
2305 80 -0.00463983
2306 80 1.82514
2316 80 -0.23342
2317 80 0.00800315
2318 80 -0.0434279
2322 80 0.233427
2323 80 -0.285672
2324 80 -0.225654
23589 618 1.83213
23590 618 -0.00106231
23591 618 -0.00388338
23598 618 -0.0133998
23599 618 0.239749
23600 618 -0.0690851
23619 618 0.0263212
23620 618 0.0352965
23621 618 -0.0959222
23622 618 -0.697903
23623 618 -0.0492476
23624 618 -0.1731
23634 619 -0.00106231
23635 619 1.81948
23636 619 0.00576388
23643 619 0.239968
23644 619 -0.133921
23645 619 0.091786
23664 619 0.0326125
23665 619 -0.0562672
23666 619 0.24346
23667 619 -0.036693
23668 619 0.0261342
23669 619 -0.00626946
23679 620 -0.00388338
23680 620 0.00576388
23681 620 1.82692
23688 620 -0.0778441
23689 620 0.0930236
23690 620 0.143997
23709 620 -0.0948572
23710 620 0.243353
23711 620 -0.648595
23712 620 -0.182008
23713 620 -0.0109769
23714 620 -0.00992059
26082 684 1.83268
26083 684 -0.00318193
26084 684 -0.00485389
26091 684 0.0816525
26092 684 0.195897
26093 684 -0.0389031
26106 684 -0.153483
26107 684 -0.328678
26108 684 0.010489
26109 684 -0.100311
26110 684 0.212039
26111 684 0.201312
26127 685 -0.00318193
26128 685 1.82652
26129 685 0.00179781
26136 685 0.194501
26137 685 -0.233311
26138 685 0.0794525
26151 685 -0.348105
26152 685 -0.558391
26153 685 0.029172
26154 685 0.201349
26155 685 -0.29681
26156 685 -0.313803
26172 686 -0.00485389
26173 686 0.00179781
26174 686 1.81934
26181 686 -0.0421618
26182 686 0.0901211
26183 686 0.157543
26196 686 0.00887616
26197 686 0.0184459
26198 686 0.0276001
26199 686 0.202558
26200 686 -0.316469
26201 686 -0.270735
27090 711 1.23888
27091 711 -0.0748646
27092 711 -0.0597994
27093 711 -0.0747543
27094 711 -0.0877441
27095 711 0.0960174
27096 711 0
27097 711 0
27098 711 0
27114 711 -0.0378886
27115 711 0.0751351
27116 711 0.11714
27120 711 -0.226646
27121 711 0.0290402
27122 711 -0.0746944
27132 712 -0.0748646
27133 712 1.19398
27134 712 -0.0369738
27135 712 -0.0652196
27136 712 0.141442
27137 712 -0.00233007
27138 712 0
27139 712 0
27140 712 0
27156 712 0.0810582
27157 712 -0.169507
27158 712 -0.286837
27162 712 0.0952177
27163 712 -0.0477373
27164 712 0.0539313
27174 713 -0.0597994
27175 713 -0.0369738
27176 713 1.23764
27177 713 0.255713
27178 713 0.0545821
27179 713 -0.0645113
27180 713 0
27181 713 0
27182 713 0
27198 713 0.119599
27199 713 -0.255533
27200 713 -0.472554
27204 713 0.12398
27205 713 0.000749203
27206 713 0.0483775
27213 714 -0.0747543
27214 714 -0.0652196
27215 714 0.255713
27216 714 1.26204
27217 714 -0.0664988
27218 714 -0.137066
27237 714 -0.19384
27238 714 -0.350216
27239 714 0.0037161
27243 714 0.00840307
27244 714 -0.00736011
27245 714 0.0599177
27255 715 -0.0877441
27256 715 0.141442
27257 715 0.0545821
27258 715 -0.0664988
27259 715 1.25177
27260 715 -0.0792017
27279 715 -0.373016
27280 715 -0.517187
27281 715 0.013978
27285 715 0.0707763
27286 715 -0.0691329
27287 715 0.200645
27297 716 0.0960174
27298 716 -0.00233007
27299 716 -0.0645113
27300 716 -0.137066
27301 716 -0.0792017
27302 716 1.15668
27321 716 0.00281923
27322 716 0.00735008
27323 716 0.0344894
27327 716 -0.0422032
27328 716 0.051507
27329 716 -0.157265
29367 771 -0.0133998
29368 771 0.239968
29369 771 -0.0778441
29373 771 1.36988
29374 771 -0.122174
29375 771 0.0639665
29382 771 0.0301942
29383 771 0.226301
29384 771 -0.0618684
29391 771 -0.125629
29392 771 0.0601606
29393 771 0.197678
29394 771 -0.0394523
29395 771 -0.22982
29396 771 0.0186957
29397 771 -0.0345917
29398 771 -0.0264459
29399 771 -0.00348423
29400 771 -0.140913
29401 771 0.216271
29402 771 0.248782
29406 771 -0.714237
29407 771 0.00153693
29408 771 -0.15333
29409 772 0.239749
29410 772 -0.133921
29411 772 0.0930236
29415 772 -0.122174
29416 772 1.4871
29417 772 0.0270132
29424 772 0.222821
29425 772 -0.177546
29426 772 0.0960471
29433 772 0.192614
29434 772 -0.117603
29435 772 -0.23208
29436 772 -0.231111
29437 772 -0.665389
29438 772 0.0467479
29439 772 -0.245584
29440 772 -0.319041
29441 772 0.0588468
29442 772 0.217518
29443 772 -0.232791
29444 772 -0.301689
29448 772 0.00191023
29449 772 0.0316384
29450 772 0.0015901
29451 773 -0.0690851
29452 773 0.091786
29453 773 0.143997
29457 773 0.0639665
29458 773 0.0270132
29459 773 1.49153
29466 773 -0.0609848
29467 773 0.096699
29468 773 0.147759
29475 773 0.234957
29476 773 -0.112675
29477 773 -0.210959
29478 773 0.0154539
29479 773 0.0405963
29480 773 0.0288781
29481 773 0.0203753
29482 773 -0.0185086
29483 773 0.0141793
29484 773 0.24662
29485 773 -0.293847
29486 773 -0.308192
29490 773 -0.157723
29491 773 0.000977329
29492 773 -0.00135596
31707 834 0.0816525
31708 834 0.194501
31709 834 -0.0421618
31716 834 1.35654
31717 834 -0.100411
31718 834 0.0563047
31725 834 -0.697511
31726 834 0.106492
31727 834 -0.150712
31728 834 -0.00792964
31729 834 0.0392304
31730 834 -0.0955516
31749 835 0.195897
31750 835 -0.233311
31751 835 0.0901211
31758 835 -0.100411
31759 835 1.4887
31760 835 0.0249904
31767 835 0.0893607
31768 835 0.0212513
31769 835 0.0252552
31770 835 -0.0335729
31771 835 -0.0210303
31772 835 0.19421
31791 836 -0.0389031
31792 836 0.0794525
31793 836 0.157543
31800 836 0.0563047
31801 836 0.0249904
31802 836 1.50327
31809 836 -0.148012
31810 836 0.0212821
31811 836 -0.00370854
31812 836 0.0697023
31813 836 0.19369
31814 836 -0.423195
32517 855 0
32518 855 0
32519 855 0
32526 855 1
32527 855 0
32528 855 0
32529 855 0
32530 855 0
32531 855 0
32538 855 0
32539 855 0
32540 855 0
32544 855 0
32545 855 0
32546 855 0
32559 856 0
32560 856 0
32561 856 0
32568 856 0
32569 856 1
32570 856 0
32571 856 0
32572 856 0
32573 856 0
32580 856 0
32581 856 0
32582 856 0
32586 856 0
32587 856 0
32588 856 0
32601 857 0
32602 857 0
32603 857 0
32610 857 0
32611 857 0
32612 857 1
32613 857 0
32614 857 0
32615 857 0
32622 857 0
32623 857 0
32624 857 0
32628 857 0
32629 857 0
32630 857 0
32649 858 0
32650 858 0
32651 858 0
32652 858 1.2714
32653 858 -0.11929
32654 858 -0.0841209
32661 858 -0.630994
32662 858 0.213073
32663 858 -0.122901
32667 858 -0.0182522
32668 858 0.109533
32669 858 0.202149
32691 859 0
32692 859 0
32693 859 0
32694 859 -0.11929
32695 859 1.20233
32696 859 -0.0591097
32703 859 0.172273
32704 859 -0.0238117
32705 859 0.0431548
32709 859 0.0119748
32710 859 -0.0956339
32711 859 -0.132195
32733 860 0
32734 860 0
32735 860 0
32736 860 -0.0841209
32737 860 -0.0591097
32738 860 1.19677
32745 860 -0.149717
32746 860 0.0623705
32747 860 -0.0220028
32751 860 0.0240711
32752 860 -0.0553146
32753 860 -0.11288
34992 921 0.0301942
34993 921 0.222821
34994 921 -0.0609848
35001 921 1.8286
35002 921 0.0022073
35003 921 0.00100248
35013 921 -0.703604
35014 921 0.0403184
35015 921 -0.166394
35016 921 0.025362
35017 921 0.0356652
35018 921 -0.0917856
35022 921 -0.0814368
35023 921 -0.28668
35024 921 0.0180208
35037 922 0.226301
35038 922 -0.177546
35039 922 0.096699
35046 922 0.0022073
35047 922 1.83057
35048 922 -0.000553689
35058 922 0.0426191
35059 922 0.0297127
35060 922 0.00861143
35061 922 0.0357682
35062 922 -0.0702573
35063 922 0.262345
35067 922 -0.27645
35068 922 -0.626677
35069 922 0.0362627
35082 923 -0.0618684
35083 923 0.0960471
35084 923 0.147759
35091 923 0.00100248
35092 923 -0.000553689
35093 923 1.81937
35103 923 -0.165803
35104 923 0.00892449
35105 923 -0.00550492
35106 923 -0.0862594
35107 923 0.264171
35108 923 -0.633314
35112 923 0.0147672
35113 923 0.0340661
35114 923 0.0311799
35136 924 1.82849
35137 924 0.00120479
35138 924 -0.00283593
35142 924 0.0558345
35143 924 -0.114889
35144 924 -0.181422
35166 924 0.0273838
35167 924 0.0364385
35168 924 -0.0823836
35169 924 -0.710383
35170 924 0.0462602
35171 924 -0.151109
35181 925 0.00120479
35182 925 1.82839
35183 925 -0.000538871
35187 925 -0.120741
35188 925 0.0568123
35189 925 -0.181261
35211 925 0.0355094
35212 925 -0.0788521
35213 925 0.263711
35214 925 0.0425086
35215 925 0.0321119
35216 925 0.00816756
35226 926 -0.00283593
35227 926 -0.000538871
35228 926 1.82166
35232 926 -0.187567
35233 926 -0.1831
35234 926 -0.112857
35256 926 -0.087079
35257 926 0.280507
35258 926 -0.627427
35259 926 -0.151778
35260 926 0.00567679
35261 926 6.72469e-05
36570 963 0.0558345
36571 963 -0.120741
36572 963 -0.187567
36576 963 1.83332
36577 963 -7.41223e-05
36578 963 -0.00163943
36600 963 -0.0925654
36601 963 -0.292064
36602 963 0.0104394
36603 963 -0.113267
36604 963 0.201326
36605 963 0.235274
36615 964 -0.114889
36616 964 0.0568123
36617 964 -0.1831
36621 964 -7.41223e-05
36622 964 1.82317
36623 964 0.000252812
36645 964 -0.29224
36646 964 -0.613475
36647 964 0.0277402
36648 964 0.206836
36649 964 -0.238143
36650 964 -0.318268
36660 965 -0.181422
36661 965 -0.181261
36662 965 -0.112857
36666 965 -0.00163943
36667 965 0.000252812
36668 965 1.82206
36690 965 0.0199342
36691 965 0.0369829
36692 965 0.0316292
36693 965 0.23475
36694 965 -0.309797
36695 965 -0.326142
44415 1161 1.83287
44416 1161 0.00953674
44417 1161 -0.00310128
44421 1161 0.0522244
44422 1161 -0.0987401
44423 1161 -0.18937
44433 1161 -0.104769
44434 1161 0.213367
44435 1161 0.234644
44436 1161 -0.12665
44437 1161 -0.313243
44438 1161 0.0125597
44460 1162 0.00953674
44461 1162 1.82448
44462 1162 0.00551432
44466 1162 -0.107695
44467 1162 0.0860846
44468 1162 -0.164539
44478 1162 0.202299
44479 1162 -0.246265
44480 1162 -0.317028
44481 1162 -0.305833
44482 1162 -0.586478
44483 1162 0.0147419
44505 1163 -0.00310128
44506 1163 0.00551432
44507 1163 1.82119
44511 1163 -0.199615
44512 1163 -0.167139
44513 1163 -0.138007
44523 1163 0.223426
44524 1163 -0.313832
44525 1163 -0.32802
44526 1163 0.000538821
44527 1163 0.000760279
44528 1163 0.0302007
45660 1194 0.0522244
45661 1194 -0.107695
45662 1194 -0.199615
45666 1194 0.984351
45667 1194 0.0672553
45668 1194 -0.0272067
45675 1194 -0.447453
45676 1194 0.105034
45677 1194 -0.0690253
45678 1194 0.0244943
45679 1194 0.0374184
45680 1194 -0.071684
45699 1195 -0.0987401
45700 1195 0.0860846
45701 1195 -0.167139
45705 1195 0.0672553
45706 1195 1.18453
45707 1195 -0.144726
45714 1195 0.00207816
45715 1195 0.0315568
45716 1195 -0.0399426
45717 1195 0.0329129
45718 1195 -0.0918877
45719 1195 0.295517
45738 1196 -0.18937
45739 1196 -0.164539
45740 1196 -0.138007
45744 1196 -0.0272067
45745 1196 -0.144726
45746 1196 1.0496
45753 1196 -0.220656
45754 1196 0.00846441
45755 1196 -0.0352684
45756 1196 -0.0624182
45757 1196 0.274227
45758 1196 -0.610568
61641 1623 0.00143614
61642 1623 -0.0466824
61643 1623 0.0618237
61653 1623 -0.17366
61654 1623 0.262423
61655 1623 0.223858
61668 1623 0.990961
61669 1623 -0.0257666
61670 1623 -0.101881
61671 1623 -0.124804
61672 1623 -0.101803
61673 1623 0.214668
61680 1624 -0.016703
61681 1624 0.0173001
61682 1624 -0.0311967
61692 1624 0.261775
61693 1624 -0.295692
61694 1624 -0.285086
61707 1624 -0.0257666
61708 1624 0.975147
61709 1624 0.0686316
61710 1624 0.00650225
61711 1624 0.0932305
61712 1624 0.051607
61719 1625 -0.0438995
61720 1625 0.132365
61721 1625 -0.244613
61731 1625 0.225808
61732 1625 -0.284257
61733 1625 -0.211678
61746 1625 -0.101881
61747 1625 0.0686316
61748 1625 1.25237
61749 1625 0.141562
61750 1625 0.104826
61751 1625 0.0321742
61758 1626 -0.232323
61759 1626 0.0668049
61760 1626 -0.0868897
61764 1626 -0.0679778
61765 1626 0.0684207
61766 1626 0.0378741
61767 1626 -0.0386997
61768 1626 -0.220936
61769 1626 0.0380682
61770 1626 -0.0946599
61771 1626 -0.285832
61772 1626 0.0223613
61776 1626 0.0345177
61777 1626 0.00506991
61778 1626 -0.0176691
61779 1626 -0.669025
61780 1626 0.022856
61781 1626 -0.23342
61785 1626 -0.124804
61786 1626 0.00650225
61787 1626 0.141562
61788 1626 1.26358
61789 1626 0.131205
61790 1626 -0.0548297
61794 1626 0.0941633
61795 1626 -0.0880081
61796 1626 -0.154483
61800 1627 -0.115861
61801 1627 0.0404909
61802 1627 -0.0517136
61806 1627 0.036998
61807 1627 -0.0649093
61808 1627 -0.0366341
61809 1627 -0.0368735
61810 1627 -0.177062
61811 1627 0.0206796
61812 1627 -0.288423
61813 1627 -0.615075
61814 1627 0.0504482
61818 1627 0.00576841
61819 1627 -0.0395709
61820 1627 0.229479
61821 1627 0.0229704
61822 1627 0.0343516
61823 1627 0.00800315
61827 1627 -0.101803
61828 1627 0.0932305
61829 1627 0.104826
61830 1627 0.131205
61831 1627 1.10681
61832 1627 0.0916145
61836 1627 -0.0123071
61837 1627 -0.0024848
61838 1627 -0.0956313
61842 1628 -0.044876
61843 1628 0.00895591
61844 1628 -0.0342637
61848 1628 0.142071
61849 1628 -0.200246
61850 1628 -0.0926548
61851 1628 0.000845741
61852 1628 -0.0380815
61853 1628 -0.00935374
61854 1628 0.0222234
61855 1628 0.0479339
61856 1628 0.0299387
61860 1628 -0.0167716
61861 1628 0.229951
61862 1628 -0.672418
61863 1628 -0.235399
61864 1628 0.00615687
61865 1628 -0.0434279
61869 1628 0.214668
61870 1628 0.051607
61871 1628 0.0321742
61872 1628 -0.0548297
61873 1628 0.0916145
61874 1628 1.3001
61878 1628 -0.121518
61879 1628 -0.205595
61880 1628 -0.0932302
62406 1644 -0.23287
62407 1644 0.0678636
62408 1644 -0.0844518
62409 1644 0.002271
62410 1644 -0.046807
62411 1644 0.0600164
62418 1644 -0.0971437
62419 1644 -0.290217
62420 1644 0.0207121
62421 1644 -0.177699
62422 1644 0.255728
62423 1644 0.233427
62430 1644 0.0941633
62431 1644 -0.0123071
62432 1644 -0.121518
62436 1644 1.25921
62437 1644 0.133258
62438 1644 -0.0540146
62448 1645 -0.115531
62449 1645 0.0409397
62450 1645 -0.0499999
62451 1645 -0.0158224
62452 1645 0.0148927
62453 1645 -0.0260181
62460 1645 -0.295031
62461 1645 -0.612565
62462 1645 0.0463662
62463 1645 0.258913
62464 1645 -0.274848
62465 1645 -0.285672
62472 1645 -0.0880081
62473 1645 -0.0024848
62474 1645 -0.205595
62478 1645 0.133258
62479 1645 1.10531
62480 1645 0.0893148
62490 1646 -0.045454
62491 1646 0.00959708
62492 1646 -0.0342433
62493 1646 -0.0466634
62494 1646 0.136134
62495 1646 -0.243316
62502 1646 0.0186884
62503 1646 0.0411733
62504 1646 0.0316897
62505 1646 0.236557
62506 1646 -0.2835
62507 1646 -0.225654
62514 1646 -0.154483
62515 1646 -0.0956313
62516 1646 -0.0932302
62520 1646 -0.0540146
62521 1646 0.0893148
62522 1646 1.30597
88149 2367 0.0263212
88150 2367 0.0326125
88151 2367 -0.0948572
88158 2367 -0.125629
88159 2367 0.192614
88160 2367 0.234957
88173 2367 1.26537
88174 2367 -0.0805635
88175 2367 0.123914
88176 2367 -0.0860653
88177 2367 -0.128482
88178 2367 0.224266
88188 2368 0.0352965
88189 2368 -0.0562672
88190 2368 0.243353
88197 2368 0.0601606
88198 2368 -0.117603
88199 2368 -0.112675
88212 2368 -0.0805635
88213 2368 1.0273
88214 2368 -0.0344896
88215 2368 -0.131489
88216 2368 0.109456
88217 2368 0.114952
88227 2369 -0.0959222
88228 2369 0.24346
88229 2369 -0.648595
88236 2369 0.197678
88237 2369 -0.23208
88238 2369 -0.210959
88251 2369 0.123914
88252 2369 -0.0344896
88253 2369 1.15182
88254 2369 0.225037
88255 2369 0.116631
88256 2369 -0.0268456
88263 2370 -0.697903
88264 2370 -0.036693
88265 2370 -0.182008
88275 2370 -0.0394523
88276 2370 -0.231111
88277 2370 0.0154539
88293 2370 -0.0860653
88294 2370 -0.131489
88295 2370 0.225037
88296 2370 1.80247
88297 2370 0.0132525
88298 2370 0.00107809
88308 2371 -0.0492476
88309 2371 0.0261342
88310 2371 -0.0109769
88320 2371 -0.22982
88321 2371 -0.665389
88322 2371 0.0405963
88338 2371 -0.128482
88339 2371 0.109456
88340 2371 0.116631
88341 2371 0.0132525
88342 2371 1.83795
88343 2371 -0.0120706
88353 2372 -0.1731
88354 2372 -0.00626946
88355 2372 -0.00992059
88365 2372 0.0186957
88366 2372 0.0467479
88367 2372 0.0288781
88383 2372 0.224266
88384 2372 0.114952
88385 2372 -0.0268456
88386 2372 0.00107809
88387 2372 -0.0120706
88388 2372 1.83813
89199 2391 -0.153483
89200 2391 -0.348105
89201 2391 0.00887616
89211 2391 -0.697511
89212 2391 0.0893607
89213 2391 -0.148012
89223 2391 1.81222
89224 2391 -0.0414173
89225 2391 0.0180317
89226 2391 -0.136342
89227 2391 -0.084367
89228 2391 0.24625
89244 2392 -0.328678
89245 2392 -0.558391
89246 2392 0.0184459
89256 2392 0.106492
89257 2392 0.0212513
89258 2392 0.0212821
89268 2392 -0.0414173
89269 2392 1.78842
89270 2392 -0.0337871
89271 2392 -0.0788091
89272 2392 0.150414
89273 2392 0.0619441
89289 2393 0.010489
89290 2393 0.029172
89291 2393 0.0276001
89301 2393 -0.150712
89302 2393 0.0252552
89303 2393 -0.00370854
89313 2393 0.0180317
89314 2393 -0.0337871
89315 2393 1.8779
89316 2393 0.238509
89317 2393 0.0621
89318 2393 -0.0122237
89331 2394 -0.100311
89332 2394 0.201349
89333 2394 0.202558
89343 2394 -0.00792964
89344 2394 -0.0335729
89345 2394 0.0697023
89352 2394 -0.136342
89353 2394 -0.0788091
89354 2394 0.238509
89355 2394 0.954308
89356 2394 0.0215655
89357 2394 0.00592822
89370 2395 0.212039
89371 2395 -0.29681
89372 2395 -0.316469
89382 2395 0.0392304
89383 2395 -0.0210303
89384 2395 0.19369
89391 2395 -0.084367
89392 2395 0.150414
89393 2395 0.0621
89394 2395 0.0215655
89395 2395 1.38494
89396 2395 -0.00508108
89409 2396 0.201312
89410 2396 -0.313803
89411 2396 -0.270735
89421 2396 -0.0955516
89422 2396 0.19421
89423 2396 -0.423195
89430 2396 0.24625
89431 2396 0.0619441
89432 2396 -0.0122237
89433 2396 0.00592822
89434 2396 -0.00508108
89435 2396 1.10524
90330 2418 -0.0378886
90331 2418 0.0810582
90332 2418 0.119599
90333 2418 -0.19384
90334 2418 -0.373016
90335 2418 0.00281923
90342 2418 0
90343 2418 0
90344 2418 0
90345 2418 -0.630994
90346 2418 0.172273
90347 2418 -0.149717
90357 2418 1.80314
90358 2418 -0.0328013
90359 2418 0.0929612
90363 2418 -0.00263908
90364 2418 -0.0526441
90365 2418 -0.224922
90375 2419 0.0751351
90376 2419 -0.169507
90377 2419 -0.255533
90378 2419 -0.350216
90379 2419 -0.517187
90380 2419 0.00735008
90387 2419 0
90388 2419 0
90389 2419 0
90390 2419 0.213073
90391 2419 -0.0238117
90392 2419 0.0623705
90402 2419 -0.0328013
90403 2419 1.8521
90404 2419 -0.117998
90408 2419 -0.0204746
90409 2419 0.164901
90410 2419 -0.0697704
90420 2420 0.11714
90421 2420 -0.286837
90422 2420 -0.472554
90423 2420 0.0037161
90424 2420 0.013978
90425 2420 0.0344894
90432 2420 0
90433 2420 0
90434 2420 0
90435 2420 -0.122901
90436 2420 0.0431548
90437 2420 -0.0220028
90447 2420 0.0929612
90448 2420 -0.117998
90449 2420 1.82329
90453 2420 -0.212793
90454 2420 -0.0936714
90455 2420 -0.167455
91314 2445 -0.226646
91315 2445 0.0952177
91316 2445 0.12398
91317 2445 0.00840307
91318 2445 0.0707763
91319 2445 -0.0422032
91320 2445 0
91321 2445 0
91322 2445 0
91323 2445 -0.0182522
91324 2445 0.0119748
91325 2445 0.0240711
91326 2445 -0.00263908
91327 2445 -0.0204746
91328 2445 -0.212793
91329 2445 0.322589
91330 2445 0.00273343
91331 2445 0.0945353
91332 2446 0.0290402
91333 2446 -0.0477373
91334 2446 0.000749203
91335 2446 -0.00736011
91336 2446 -0.0691329
91337 2446 0.051507
91338 2446 0
91339 2446 0
91340 2446 0
91341 2446 0.109533
91342 2446 -0.0956339
91343 2446 -0.0553146
91344 2446 -0.0526441
91345 2446 0.164901
91346 2446 -0.0936714
91347 2446 0.00273343
91348 2446 0.245694
91349 2446 0.0691628
91350 2447 -0.0746944
91351 2447 0.0539313
91352 2447 0.0483775
91353 2447 0.0599177
91354 2447 0.200645
91355 2447 -0.157265
91356 2447 0
91357 2447 0
91358 2447 0
91359 2447 0.202149
91360 2447 -0.132195
91361 2447 -0.11288
91362 2447 -0.224922
91363 2447 -0.0697704
91364 2447 -0.167455
91365 2447 0.0945353
91366 2447 0.0691628
91367 2447 0.390142
92496 2493 -0.0345917
92497 2493 -0.245584
92498 2493 0.0203753
92505 2493 -0.703604
92506 2493 0.0426191
92507 2493 -0.165803
92508 2493 0.817547
92509 2493 -0.00784194
92510 2493 0.0511125
92511 2493 -0.112222
92512 2493 -0.109533
92513 2493 0.233027
92523 2494 -0.0264459
92524 2494 -0.319041
92525 2494 -0.0185086
92532 2494 0.0403184
92533 2494 0.0297127
92534 2494 0.00892449
92535 2494 -0.00784194
92536 2494 0.460418
92537 2494 -0.0688302
92538 2494 -0.110288
92539 2494 0.133004
92540 2494 0.0917277
92550 2495 -0.00348423
92551 2495 0.0588468
92552 2495 0.0141793
92559 2495 -0.166394
92560 2495 0.00861143
92561 2495 -0.00550492
92562 2495 0.0511125
92563 2495 -0.0688302
92564 2495 0.584484
92565 2495 0.234936
92566 2495 0.0921104
92567 2495 -0.02055
92580 2496 -0.140913
92581 2496 0.217518
92582 2496 0.24662
92592 2496 0.025362
92593 2496 0.0357682
92594 2496 -0.0862594
92604 2496 -0.112222
92605 2496 -0.110288
92606 2496 0.234936
92607 2496 1.81778
92608 2496 -0.00832597
92609 2496 0.000960435
92613 2496 0.0730681
92614 2496 -0.109842
92615 2496 -0.170812
92625 2497 0.216271
92626 2497 -0.232791
92627 2497 -0.293847
92637 2497 0.0356652
92638 2497 -0.0702573
92639 2497 0.264171
92649 2497 -0.109533
92650 2497 0.133004
92651 2497 0.0921104
92652 2497 -0.00832597
92653 2497 1.83292
92654 2497 0.00292276
92658 2497 -0.111388
92659 2497 0.0517808
92660 2497 -0.191038
92670 2498 0.248782
92671 2498 -0.301689
92672 2498 -0.308192
92682 2498 -0.0917856
92683 2498 0.262345
92684 2498 -0.633314
92694 2498 0.233027
92695 2498 0.0917277
92696 2498 -0.02055
92697 2498 0.000960435
92698 2498 0.00292276
92699 2498 1.82785
92703 2498 -0.175563
92704 2498 -0.19218
92705 2498 -0.122542
93843 2526 -0.714237
93844 2526 0.00191023
93845 2526 -0.157723
93855 2526 -0.0814368
93856 2526 -0.27645
93857 2526 0.0147672
93870 2526 0.0730681
93871 2526 -0.111388
93872 2526 -0.175563
93876 2526 1.81198
93877 2526 0.00491046
93878 2526 -0.00718366
93888 2527 0.00153693
93889 2527 0.0316384
93890 2527 0.000977329
93900 2527 -0.28668
93901 2527 -0.626677
93902 2527 0.0340661
93915 2527 -0.109842
93916 2527 0.0517808
93917 2527 -0.19218
93921 2527 0.00491046
93922 2527 1.83853
93923 2527 0.00690654
93933 2528 -0.15333
93934 2528 0.0015901
93935 2528 -0.00135596
93945 2528 0.0180208
93946 2528 0.0362627
93947 2528 0.0311799
93960 2528 -0.170812
93961 2528 -0.191038
93962 2528 -0.122542
93966 2528 -0.00718366
93967 2528 0.00690654
93968 2528 1.82803
99885 2694 0.0273838
99886 2694 0.0355094
99887 2694 -0.087079
99891 2694 -0.0925654
99892 2694 -0.29224
99893 2694 0.0199342
99915 2694 1.80983
99916 2694 -0.0118966
99917 2694 -0.00706071
99918 2694 -0.10765
99919 2694 -0.101696
99920 2694 0.239256
99930 2695 0.0364385
99931 2695 -0.0788521
99932 2695 0.280507
99936 2695 -0.292064
99937 2695 -0.613475
99938 2695 0.0369829
99960 2695 -0.0118966
99961 2695 1.8173
99962 2695 0.00492996
99963 2695 -0.105676
99964 2695 0.134726
99965 2695 0.0871319
99975 2696 -0.0823836
99976 2696 0.263711
99977 2696 -0.627427
99981 2696 0.0104394
99982 2696 0.0277402
99983 2696 0.0316292
100005 2696 -0.00706071
100006 2696 0.00492996
100007 2696 1.85142
100008 2696 0.238021
100009 2696 0.0891222
100010 2696 -0.0285077
100017 2697 -0.710383
100018 2697 0.0425086
100019 2697 -0.151778
100023 2697 -0.113267
100024 2697 0.206836
100025 2697 0.23475
100047 2697 -0.10765
100048 2697 -0.105676
100049 2697 0.238021
100050 2697 1.81572
100051 2697 -0.0110855
100052 2697 -0.00498162
100062 2698 0.0462602
100063 2698 0.0321119
100064 2698 0.00567679
100068 2698 0.201326
100069 2698 -0.238143
100070 2698 -0.309797
100092 2698 -0.101696
100093 2698 0.134726
100094 2698 0.0891222
100095 2698 -0.0110855
100096 2698 1.8177
100097 2698 0.0060114
100107 2699 -0.151109
100108 2699 0.00816756
100109 2699 6.72469e-05
100113 2699 0.235274
100114 2699 -0.318268
100115 2699 -0.326142
100137 2699 0.239256
100138 2699 0.0871319
100139 2699 -0.0285077
100140 2699 -0.00498162
100141 2699 0.0060114
100142 2699 1.84512
102729 2763 -0.104769
102730 2763 0.202299
102731 2763 0.223426
102735 2763 -0.447453
102736 2763 0.00207816
102737 2763 -0.220656
102747 2763 1.19736
102748 2763 0.0866177
102749 2763 0.0683568
102750 2763 -0.125584
102751 2763 -0.0982649
102752 2763 0.235643
102768 2764 0.213367
102769 2764 -0.246265
102770 2764 -0.313832
102774 2764 0.105034
102775 2764 0.0315568
102776 2764 0.00846441
102786 2764 0.0866177
102787 2764 1.26735
102788 2764 -0.177129
102789 2764 -0.102893
102790 2764 0.143543
102791 2764 0.0817636
102807 2765 0.234644
102808 2765 -0.317028
102809 2765 -0.32802
102813 2765 -0.0690253
102814 2765 -0.0399426
102815 2765 -0.0352684
102825 2765 0.0683568
102826 2765 -0.177129
102827 2765 1.20578
102828 2765 0.234333
102829 2765 0.080754
102830 2765 -0.013145
102846 2766 -0.12665
102847 2766 -0.305833
102848 2766 0.000538821
102852 2766 0.0244943
102853 2766 0.0329129
102854 2766 -0.0624182
102864 2766 -0.125584
102865 2766 -0.102893
102866 2766 0.234333
102867 2766 1.80414
102868 2766 -0.010807
102869 2766 -0.00949685
102891 2767 -0.313243
102892 2767 -0.586478
102893 2767 0.000760279
102897 2767 0.0374184
102898 2767 -0.0918877
102899 2767 0.274227
102909 2767 -0.0982649
102910 2767 0.143543
102911 2767 0.080754
102912 2767 -0.010807
102913 2767 1.8303
102914 2767 0.0112059
102936 2768 0.0125597
102937 2768 0.0147419
102938 2768 0.0302007
102942 2768 -0.071684
102943 2768 0.295517
102944 2768 -0.610568
102954 2768 0.235643
102955 2768 0.0817636
102956 2768 -0.013145
102957 2768 -0.00949685
102958 2768 0.0112059
102959 2768 1.8441
