4 0 -4.46514544e+10
8 1 -1.17621700e+04
12 1 1.88194720e+01
17 2 2.10204721e+04
22 3 -1.17621700e+04
23 3 -3.25100000e+08
26 3 -5.13794000e+09
28 3 7.31716460e+08
30 3 6.11480000e+05
50 5 -4.46514544e+10
51 5 2.10204721e+04
55 6 -1.33584400e+09
57 6 1.13497143e+09
59 6 -5.42114550e+07
61 7 -5.13794000e+09
64 7 8.22070400e+06
81 12 7.31716460e+08
84 12 1.13497143e+09
88 12 -1.17074634e+06
109 17 -5.42114550e+07
118 19 1.88194720e+01
119 19 6.11480000e+05
121 19 8.22070400e+06
123 19 -1.17074634e+06
125 19 -1.12448000e+03