129 6 2.38245
130 6 0.00276591
131 6 0.0059954
132 6 0.0816123
133 6 0.00035075
134 6 0.513469
150 6 0.00211513
151 6 0.447095
152 6 0.255682
156 6 -1.84065
157 6 0.00430307
158 6 0.268315
162 7 0.00276591
163 7 1.94954
164 7 0.0127771
165 7 0.000555786
166 7 0.219743
167 7 -0.00270725
183 7 0.0231143
184 7 -0.374833
185 7 -0.197983
189 7 0.00280682
190 7 0.0865231
191 7 -0.00027829
195 8 0.0059954
196 8 0.0127771
197 8 2.39807
198 8 0.0188
199 8 -0.000300623
200 8 -0.302513
216 8 0.00662768
217 8 -0.256067
218 8 -0.196317
222 8 0.276418
223 8 -0.000399364
224 8 0.0454653
225 9 0.0816123
226 9 0.000555786
227 9 0.0188
228 9 1.13105
229 9 0.00284074
230 9 0.544937
234 9 -0.0459088
235 9 0.39032
236 9 -0.00670259
240 9 -0.001719
241 9 0.0558029
242 9 0.00943835
243 9 -0.324987
244 9 -0.000648174
245 9 -0.80461
249 10 0.00035075
250 10 0.219743
251 10 -0.000300623
252 10 0.00284074
253 10 0.854617
254 10 -0.00057628
258 10 0.195631
259 10 -0.102377
260 10 -0.0398745
264 10 -0.143646
265 10 -0.376928
266 10 0.134407
267 10 -0.000926991
268 10 0.0842722
269 10 0.00160678
273 11 0.513469
274 11 -0.00270725
275 11 -0.302513
276 11 0.544937
277 11 -0.00057628
278 11 1.89691
282 11 -0.26286
283 11 0.337008
284 11 0.150458
288 11 0.256985
289 11 0.520921
290 11 -0.190852
291 11 -0.797063
292 11 0.00629575
293 11 -1.46787
405 15 4.7135
406 15 0.00133896
407 15 -0.00336914
408 15 0.151177
409 15 0.00434075
410 15 0.541019
414 15 -0.0731692
415 15 0.583718
416 15 -0.262787
420 15 -0.324256
421 15 -0.0048966
422 15 -0.802768
429 15 -0.0582368
430 15 -0.435935
431 15 0.284381
432 15 -0.043655
433 15 0.419087
434 15 0.260887
438 15 -1.84687
439 15 0.0140986
440 15 0.25407
450 16 0.00133896
451 16 4.71177
452 16 0.0019039
453 16 0.00666347
454 16 0.437305
455 16 -0.0116588
459 16 0.584483
460 16 -0.226928
461 16 0.298777
465 16 -0.0053222
466 16 0.0877297
467 16 -0.00739678
474 16 -0.435208
475 16 -1.1973
476 16 0.844776
477 16 0.415754
478 16 -1.23762
479 16 -0.823168
483 16 0.0182245
484 16 0.0867282
485 16 -0.00253685
495 17 -0.00336914
496 17 0.0019039
497 17 4.70828
498 17 0.54438
499 17 -0.00805585
500 17 -0.590815
504 17 -0.267161
505 17 0.30325
506 17 0.300596
510 17 -0.807561
511 17 -0.0076268
512 17 -1.47262
519 17 0.276912
520 17 0.828923
521 17 -0.455113
522 17 0.257764
523 17 -0.818281
524 17 -0.426173
528 17 0.263578
529 17 -0.00330031
530 17 0.0488512
534 18 0.151177
535 18 0.00666347
536 18 0.54438
537 18 2.43602
538 18 0.00539232
539 18 0.000986629
546 18 -0.924367
547 18 0.139072
548 18 -0.120062
552 18 -0.0531979
553 18 -0.436398
554 18 0.271264
558 18 -0.312503
559 18 -0.00143549
560 18 -0.798396
567 19 0.00434075
568 19 0.437305
569 19 -0.00805585
570 19 0.00539232
571 19 2.42972
572 19 0.011866
579 19 -0.127702
580 19 0.0451396
581 19 0.0710694
585 19 -0.43475
586 19 -1.23382
587 19 0.818522
591 19 -0.00415161
592 19 0.0852445
593 19 -0.00568554
600 20 0.541019
601 20 -0.0116588
602 20 -0.590815
603 20 0.000986629
604 20 0.011866
605 20 2.43382
612 20 0.372515
613 20 -0.0700352
614 20 0.0254109
618 20 0.271347
619 20 0.824061
620 20 -0.42122
624 20 -0.789203
625 20 0.00358013
626 20 -1.48108
873 30 2.12704
874 30 -0.0690052
875 30 -0.18257
879 30 -0.0623012
880 30 -0.519409
881 30 -0.229297
882 30 -0.00496158
883 30 0.500724
884 30 -0.231566
885 30 -0.0153965
886 30 -0.449749
887 30 0.285286
888 30 0.0281835
889 30 0.425241
890 30 0.243044
891 30 -0.143001
892 30 -0.00495191
893 30 -0.623733
894 30 -1.83603
895 30 0.0952306
896 30 0.232775
897 31 -0.0690052
898 31 0.870367
899 31 0.00655404
903 31 -0.0819364
904 31 -0.106467
905 31 -0.157789
906 31 0.0726739
907 31 -0.153642
908 31 0.191505
909 31 -0.0353911
910 31 -0.337815
911 31 0.191689
912 31 -0.000406651
913 31 -0.403036
914 31 -0.206221
915 31 0.0036944
916 31 -0.029651
917 31 0.0248515
918 31 0.101109
919 31 0.0861613
920 31 -0.0113068
921 32 -0.18257
922 32 0.00655404
923 32 0.885171
927 32 -0.00961293
928 32 -0.105581
929 32 0.16896
930 32 -0.000861538
931 32 0.117039
932 32 0.158604
933 32 0.0178154
934 32 0.254939
935 32 -0.215835
936 32 -0.00738536
937 32 -0.244194
938 32 -0.194522
939 32 -0.114689
940 32 5.29579e-05
941 32 -0.397056
942 32 0.2685
943 32 -0.0118946
944 32 0.0409603
1152 39 -0.0459088
1153 39 0.195631
1154 39 -0.26286
1158 39 2.94367
1159 39 -0.283947
1160 39 -0.371717
1167 39 -0.0389436
1168 39 0.509785
1169 39 -0.243883
1170 39 -0.605572
1171 39 -0.127343
1172 39 0.00404665
1173 39 -0.0572307
1174 39 0.439693
1175 39 0.277171
1179 39 0.00231658
1180 39 0.442015
1181 39 0.268361
1185 39 -1.84186
1186 39 0.00463841
1187 39 0.274239
1188 40 0.39032
1189 40 -0.102377
1190 40 0.337008
1194 40 -0.283947
1195 40 2.41367
1196 40 0.54854
1203 40 0.0800919
1204 40 -0.119187
1205 40 0.175249
1206 40 0.296846
1207 40 0.0677766
1208 40 0.025213
1209 40 0.433514
1210 40 -1.21495
1211 40 -0.817584
1215 40 0.0225357
1216 40 -0.364989
1217 40 -0.20191
1221 40 -0.00077274
1222 40 0.0871193
1223 40 -0.00088174
1224 41 -0.00670259
1225 41 -0.0398745
1226 41 0.150458
1230 41 -0.371717
1231 41 0.54854
1232 41 1.94223
1239 41 -0.00648677
1240 41 0.113542
1241 41 0.158348
1242 41 0.251638
1243 41 0.084267
1244 41 -0.0317205
1245 41 0.280084
1246 41 -0.831424
1247 41 -0.437653
1251 41 0.00765014
1252 41 -0.263031
1253 41 -0.206391
1257 41 0.283123
1258 41 -0.00224333
1259 41 0.04937
1332 45 -0.0623012
1333 45 -0.0819364
1334 45 -0.00961293
1335 45 2.45982
1336 45 -0.0438468
1337 45 0.00287467
1338 45 0.162392
1339 45 0.0274806
1340 45 0.536779
1344 45 0
1345 45 0
1346 45 0
1347 45 -0.169367
1348 45 0.0206387
1349 45 -0.162961
1353 45 -0.0600012
1354 45 -0.0530352
1355 45 0.0423297
1356 45 -0.0237379
1357 45 0.384939
1358 45 0.203152
1359 45 -0.209109
1360 45 -0.0469311
1361 45 -0.634576
1362 45 -1.8465
1363 45 0.191287
1364 45 0.304985
1365 46 -0.519409
1366 46 -0.106467
1367 46 -0.105581
1368 46 -0.0438468
1369 46 2.44997
1370 46 -0.0271523
1371 46 0.0355145
1372 46 0.433696
1373 46 -0.067984
1377 46 0
1378 46 0
1379 46 0
1380 46 -0.0436666
1381 46 0.0404349
1382 46 -0.182109
1386 46 -0.421931
1387 46 -0.512537
1388 46 0.593903
1389 46 0.403053
1390 46 -1.36829
1391 46 -0.800579
1392 46 0.0396847
1393 46 0.0494395
1394 46 0.154881
1395 46 0.177892
1396 46 0.0777861
1397 46 -0.0270582
1398 47 -0.229297
1399 47 -0.157789
1400 47 0.16896
1401 47 0.00287467
1402 47 -0.0271523
1403 47 2.38977
1404 47 0.531123
1405 47 -0.0544255
1406 47 -0.598028
1410 47 0
1411 47 0
1412 47 0
1413 47 -0.642466
1414 47 0.134699
1415 47 -0.725746
1419 47 0.301472
1420 47 0.220233
1421 47 -0.282859
1422 47 0.213962
1423 47 -0.771028
1424 47 -0.316094
1425 47 -0.204164
1426 47 -0.194987
1427 47 -0.695003
1428 47 0.258863
1429 47 -0.0286847
1430 47 0.0592273
1437 48 0.162392
1438 48 0.0355145
1439 48 0.531123
1440 48 4.70535
1441 48 -0.0191474
1442 48 0.00565257
1443 48 0.143192
1444 48 0.00812624
1445 48 0.544766
1446 48 -0.140271
1447 48 -0.584839
1448 48 -0.280196
1449 48 -0.0179567
1450 48 0.588567
1451 48 -0.228611
1452 48 -1.84441
1453 48 0.0663614
1454 48 0.259736
1461 48 -0.0839481
1462 48 -0.476465
1463 48 0.303412
1464 48 -0.0791523
1465 48 -0.449049
1466 48 0.309893
1467 48 -0.0403024
1468 48 0.388086
1469 48 0.237044
1470 48 -0.336412
1471 48 0.0209041
1472 48 -0.824596
1473 48 -1.84812
1474 48 0.0795556
1475 48 0.242237
1482 49 0.0274806
1483 49 0.433696
1484 49 -0.0544255
1485 49 -0.0191474
1486 49 4.71399
1487 49 -0.0148367
1488 49 0.0138884
1489 49 0.437526
1490 49 -0.0250044
1491 49 -0.593903
1492 49 -0.162166
1493 49 -0.286541
1494 49 0.571899
1495 49 -0.300841
1496 49 0.287202
1497 49 0.0743525
1498 49 0.0847444
1499 49 -0.0117684
1506 49 -0.463899
1507 49 -1.17921
1508 49 0.815021
1509 49 -0.463598
1510 49 -1.13562
1511 49 0.860033
1512 49 0.382633
1513 49 -1.25715
1514 49 -0.829177
1515 49 0.0188623
1516 49 0.0942094
1517 49 0.0389148
1518 49 0.0951111
1519 49 0.0874195
1520 49 -0.0139585
1527 50 0.536779
1528 50 -0.067984
1529 50 -0.598028
1530 50 0.00565257
1531 50 -0.0148367
1532 50 4.71422
1533 50 0.554306
1534 50 -0.0181497
1535 50 -0.57655
1536 50 -0.275034
1537 50 -0.282883
1538 50 0.305181
1539 50 -0.236706
1540 50 0.309905
1541 50 0.31635
1542 50 0.277768
1543 50 -0.00973281
1544 50 0.0512
1551 50 0.301749
1552 50 0.82486
1553 50 -0.447049
1554 50 0.296259
1555 50 0.833643
1556 50 -0.493124
1557 50 0.23563
1558 50 -0.805287
1559 50 -0.413898
1560 50 -0.836776
1561 50 0.0429693
1562 50 -1.46649
1563 50 0.248776
1564 50 -0.00729964
1565 50 0.0507892
1566 51 -0.0731692
1567 51 0.584483
1568 51 -0.267161
1572 51 0.143192
1573 51 0.0138884
1574 51 0.554306
1575 51 4.69607
1576 51 0.00588225
1577 51 -0.00921971
1581 51 -0.0771101
1582 51 -0.567691
1583 51 -0.280603
1584 51 -0.0864075
1585 51 0.574987
1586 51 -0.266121
1587 51 -1.84767
1588 51 0.0356853
1589 51 0.264326
1590 51 -0.323188
1591 51 -0.00439575
1592 51 -0.799332
1593 51 -0.0429261
1594 51 0.425598
1595 51 0.258141
1596 51 -0.0546245
1597 51 -0.443986
1598 51 0.273401
1599 51 -0.0713556
1600 51 -0.4562
1601 51 0.287542
1602 51 -0.0534146
1603 51 0.427939
1604 51 0.270337
1605 51 -0.274402
1606 51 0.00309387
1607 51 -0.770482
1608 51 -1.84038
1609 51 -0.0248632
1610 51 0.212061
1611 52 0.583718
1612 52 -0.226928
1613 52 0.30325
1617 52 0.00812624
1618 52 0.437526
1619 52 -0.0181497
1620 52 0.00588225
1621 52 4.71071
1622 52 0.0072711
1626 52 -0.574712
1627 52 -0.203446
1628 52 -0.323271
1629 52 0.586839
1630 52 -0.207084
1631 52 0.305498
1632 52 0.0382877
1633 52 0.0891503
1634 52 -0.00395878
1635 52 -0.00217379
1636 52 0.084411
1637 52 0.00597001
1638 52 0.404465
1639 52 -1.2475
1640 52 -0.810958
1641 52 -0.437842
1642 52 -1.2312
1643 52 0.824628
1644 52 -0.461219
1645 52 -1.21054
1646 52 0.819603
1647 52 0.440475
1648 52 -1.23077
1649 52 -0.816742
1650 52 0.00319543
1651 52 0.0775177
1652 52 0.00485929
1653 52 -0.0137456
1654 52 0.0809177
1655 52 0.00352232
1656 53 -0.262787
1657 53 0.298777
1658 53 0.300596
1662 53 0.544766
1663 53 -0.0250044
1664 53 -0.57655
1665 53 -0.00921971
1666 53 0.0072711
1667 53 4.72677
1671 53 -0.286655
1672 53 -0.325291
1673 53 0.281312
1674 53 -0.279231
1675 53 0.307682
1676 53 0.296243
1677 53 0.264412
1678 53 -0.00354781
1679 53 0.0492748
1680 53 -0.803508
1681 53 -0.0031274
1682 53 -1.47023
1683 53 0.253646
1684 53 -0.828155
1685 53 -0.423434
1686 53 0.270196
1687 53 0.822317
1688 53 -0.4209
1689 53 0.285833
1690 53 0.826609
1691 53 -0.428579
1692 53 0.273388
1693 53 -0.812844
1694 53 -0.430664
1695 53 -0.763617
1696 53 0.0280572
1697 53 -1.51709
1698 53 0.226292
1699 53 0.00684214
1700 53 0.0550431
1710 54 4.71628
1711 54 0.0134479
1712 54 0.00513912
1719 54 -0.114453
1720 54 0.585487
1721 54 -0.264572
1737 54 -0.0434223
1738 54 0.429871
1739 54 0.279662
1740 54 -0.313222
1741 54 0.00355153
1742 54 -0.801784
1743 54 -1.83455
1744 54 -0.0231327
1745 54 0.271763
1755 55 0.0134479
1756 55 4.70454
1757 55 0.00791734
1764 55 0.594099
1765 55 -0.197094
1766 55 0.290236
1782 55 0.420562
1783 55 -1.20593
1784 55 -0.833829
1785 55 0.000521858
1786 55 0.0826404
1787 55 -0.00329624
1788 55 -0.0323483
1789 55 0.0799516
1790 55 0.00451036
1800 56 0.00513912
1801 56 0.00791734
1802 56 4.71273
1809 56 -0.270117
1810 56 0.288315
1811 56 0.307608
1827 56 0.271692
1828 56 -0.84104
1829 56 -0.45972
1830 56 -0.790478
1831 56 0.00770618
1832 56 -1.47855
1833 56 0.270118
1834 56 0.00163619
1835 56 0.0462981
1938 60 0.872488
1939 60 -0.18503
1940 60 -0.135552
1941 60 0.0985646
1942 60 -0.0948034
1943 60 0.232244
1947 60 -0.120713
1948 60 0.02183
1949 60 -0.138683
1953 60 0.0374455
1954 60 0.279176
1955 60 0.163603
1962 61 -0.18503
1963 61 1.78871
1964 61 0.56218
1965 61 0.116903
1966 61 0.220929
1967 61 -0.247656
1971 61 -0.190091
1972 61 0.0801585
1973 61 -0.239294
1977 61 0.254246
1978 61 -1.31204
1979 61 -0.837315
1986 62 -0.135552
1987 62 0.56218
1988 62 1.22138
1989 62 0.269068
1990 62 0.202626
1991 62 -0.319611
1995 62 -0.339789
1996 62 0.156675
1997 62 -0.526223
2001 62 0.152115
2002 62 -0.850132
2003 62 -0.434095
2010 63 -0.140271
2011 63 -0.593903
2012 63 -0.275034
2013 63 0.0985646
2014 63 0.116903
2015 63 0.269068
2016 63 1.98033
2017 63 0.278411
2018 63 0.359261
2022 63 -0.023086
2023 63 0.0925401
2024 63 0.0238134
2025 63 -1.25738
2026 63 0.199366
2027 63 0.256703
2034 63 -0.0804132
2035 63 -0.460878
2036 63 0.301385
2037 63 -0.0329329
2038 63 -0.0695331
2039 63 -0.0311219
2040 63 -0.11428
2041 63 -0.00251182
2042 63 -0.123222
2046 64 -0.584839
2047 64 -0.162166
2048 64 -0.282883
2049 64 -0.0948034
2050 64 0.220929
2051 64 0.202626
2052 64 0.278411
2053 64 2.38726
2054 64 -0.554787
2058 64 0.504782
2059 64 -0.162985
2060 64 0.0679592
2061 64 -0.232664
2062 64 0.0312399
2063 64 -0.0294974
2070 64 -0.48465
2071 64 -1.16196
2072 64 0.850575
2073 64 0.33182
2074 64 -0.850778
2075 64 -0.634789
2076 64 0.235562
2077 64 0.0464662
2078 64 0.244565
2082 65 -0.280196
2083 65 -0.286541
2084 65 0.305181
2085 65 0.232244
2086 65 -0.247656
2087 65 -0.319611
2088 65 0.359261
2089 65 -0.554787
2090 65 2.93198
2094 65 -0.202942
2095 65 0.184539
2096 65 0.185787
2097 65 0.0177165
2098 65 -0.0840433
2099 65 0.0844961
2106 65 0.294154
2107 65 0.801943
2108 65 -0.460103
2109 65 0.228878
2110 65 -0.587862
2111 65 -0.255622
2112 65 -0.403173
2113 65 -0.0949669
2114 65 -0.500527
2118 66 -0.0771101
2119 66 -0.574712
2120 66 -0.286655
2124 66 2.39522
2125 66 -0.0247393
2126 66 -0.0108054
2133 66 -0.301138
2134 66 -0.0026956
2135 66 -0.776777
2145 66 -0.0320515
2146 66 -0.00639671
2147 66 0.0153594
2151 67 -0.567691
2152 67 -0.203446
2153 67 -0.325291
2157 67 -0.0247393
2158 67 1.94669
2159 67 0.0208885
2166 67 -0.0017198
2167 67 0.0853137
2168 67 0.0111505
2178 67 0.460397
2179 67 -0.611997
2180 67 -0.27302
2184 68 -0.280603
2185 68 -0.323271
2186 68 0.281312
2190 68 -0.0108054
2191 68 0.0208885
2192 68 2.38816
2199 68 -0.790793
2200 68 0.000615632
2201 68 -1.49547
2211 68 0.273206
2212 68 -0.52749
2213 68 -0.213778
2394 75 -0.00496158
2395 75 0.0726739
2396 75 -0.000861538
2397 75 2.38951
2398 75 -0.0306334
2399 75 -0.0396469
2400 75 0.11343
2401 75 -0.0422451
2402 75 0.523824
2403 75 0
2404 75 0
2405 75 0
2409 75 -0.0936869
2410 75 0.00967273
2411 75 -0.0883478
2412 75 -0.0154646
2413 75 -0.000733687
2414 75 -0.0170318
2415 75 -0.120234
2416 75 -0.498071
2417 75 0.297105
2418 75 0.0328948
2419 75 0.417562
2420 75 0.256778
2424 75 -1.85795
2425 75 0.0696681
2426 75 0.287214
2427 76 0.500724
2428 76 -0.153642
2429 76 0.117039
2430 76 -0.0306334
2431 76 2.2961
2432 76 -0.161716
2433 76 -0.144419
2434 76 0.342213
2435 76 0.0457731
2436 76 0
2437 76 0
2438 76 0
2442 76 0.214956
2443 76 0.0520221
2444 76 0.250632
2445 76 0.375996
2446 76 -0.593036
2447 76 -0.58179
2448 76 -0.518516
2449 76 -1.21977
2450 76 0.799483
2451 76 -0.00332825
2452 76 -0.387983
2453 76 -0.211623
2457 76 0.077636
2458 76 0.0910765
2459 76 -0.0118787
2460 77 -0.231566
2461 77 0.191505
2462 77 0.158604
2463 77 -0.0396469
2464 77 -0.161716
2465 77 2.04447
2466 77 0.264007
2467 77 -0.156902
2468 77 -0.454983
2469 77 0
2470 77 0
2471 77 0
2475 77 -0.353869
2476 77 -0.113412
2477 77 -0.527834
2478 77 0.2645
2479 77 -0.248933
2480 77 -0.245798
2481 77 0.305466
2482 77 0.773905
2483 77 -0.36826
2484 77 -0.0110202
2485 77 -0.255253
2486 77 -0.208304
2490 77 0.253244
2491 77 -0.00471315
2492 77 0.0590478
2496 78 0.11343
2497 78 -0.144419
2498 78 0.264007
2499 78 2.12962
2500 78 -0.133784
2501 78 0.140741
2502 78 -0.153208
2503 78 -0.593448
2504 78 -0.273006
2505 78 -0.0166418
2506 78 0.397699
2507 78 0.0166914
2508 78 -0.586945
2509 78 -0.0791813
2510 78 0.0185264
2511 78 0.009774
2512 78 0.329533
2513 78 0.207136
2514 78 -0.0488305
2515 78 -0.215013
2516 78 0.287822
2517 78 0.0026715
2518 78 0.0351619
2519 78 0.0108414
2520 78 -0.365085
2521 78 0.0529024
2522 78 -0.852549
2523 78 -0.92573
2524 78 0.159691
2525 78 0.408005
2529 79 -0.0422451
2530 79 0.342213
2531 79 -0.156902
2532 79 -0.133784
2533 79 2.33322
2534 79 0.0645538
2535 79 -0.591848
2536 79 -0.159412
2537 79 -0.277569
2538 79 0.2052
2539 79 -0.158101
2540 79 -0.0701226
2541 79 0.339743
2542 79 0.05131
2543 79 0.0166446
2544 79 0.339652
2545 79 -1.24856
2546 79 -0.867616
2547 79 -0.26891
2548 79 -0.59975
2549 79 0.663766
2550 79 -0.18243
2551 79 -0.397958
2552 79 0.138
2553 79 0.0408796
2554 79 0.0895565
2555 79 0.0909406
2556 79 -0.093231
2557 79 0.052583
2558 79 0.0558471
2562 80 0.523824
2563 80 0.0457731
2564 80 -0.454983
2565 80 0.140741
2566 80 0.0645538
2567 80 2.26723
2568 80 -0.268556
2569 80 -0.273578
2570 80 0.312498
2571 80 -0.219259
2572 80 0.313754
2573 80 0.174743
2574 80 0.282081
2575 80 0.0687715
2576 80 -0.0344009
2577 80 0.200063
2578 80 -0.862502
2579 80 -0.471164
2580 80 0.0119022
2581 80 0.151469
2582 80 -0.206053
2583 80 0.268978
2584 80 0.503067
2585 80 -0.174212
2586 80 -0.838207
2587 80 0.0984423
2588 80 -1.43247
2589 80 -0.09514
2590 80 -0.0617667
2591 80 0.01867
2592 81 -0.0389436
2593 81 0.0800919
2594 81 -0.00648677
2595 81 2.36187
2596 81 -0.0796064
2597 81 -0.0622781
2607 81 -0.0948409
2608 81 0.00165823
2609 81 -0.0995858
2613 81 -0.0544935
2614 81 -0.448279
2615 81 0.266009
2625 82 0.509785
2626 82 -0.119187
2627 82 0.113542
2628 82 -0.0796064
2629 82 2.29661
2630 82 -0.191858
2640 82 0.208103
2641 82 0.0580025
2642 82 0.254593
2646 82 -0.442709
2647 82 -1.25492
2648 82 0.794062
2658 83 -0.243883
2659 83 0.175249
2660 83 0.158348
2661 83 -0.0622781
2662 83 -0.191858
2663 83 2.07159
2673 83 -0.344887
2674 83 -0.119607
2675 83 -0.532567
2679 83 0.266604
2680 83 0.812693
2681 83 -0.398566
2790 87 1
2791 87 0
2792 87 0
2793 87 0
2794 87 0
2795 87 0
2796 87 0
2797 87 0
2798 87 0
2799 87 0
2800 87 0
2801 87 0
2808 88 0
2809 88 1
2810 88 0
2811 88 0
2812 88 0
2813 88 0
2814 88 0
2815 88 0
2816 88 0
2817 88 0
2818 88 0
2819 88 0
2826 89 0
2827 89 0
2828 89 1
2829 89 0
2830 89 0
2831 89 0
2832 89 0
2833 89 0
2834 89 0
2835 89 0
2836 89 0
2837 89 0
2844 90 0
2845 90 0
2846 90 0
2847 90 0
2848 90 0
2849 90 0
2850 90 0
2851 90 0
2852 90 0
2853 90 1
2854 90 0
2855 90 0
2856 90 0
2857 90 0
2858 90 0
2859 90 0
2860 90 0
2861 90 0
2865 90 0
2866 90 0
2867 90 0
2868 90 0
2869 90 0
2870 90 0
2871 90 0
2872 90 0
2873 90 0
2874 90 0
2875 90 0
2876 90 0
2880 90 0
2881 90 0
2882 90 0
2883 90 0
2884 90 0
2885 90 0
2889 91 0
2890 91 0
2891 91 0
2892 91 0
2893 91 0
2894 91 0
2895 91 0
2896 91 0
2897 91 0
2898 91 0
2899 91 1
2900 91 0
2901 91 0
2902 91 0
2903 91 0
2904 91 0
2905 91 0
2906 91 0
2910 91 0
2911 91 0
2912 91 0
2913 91 0
2914 91 0
2915 91 0
2916 91 0
2917 91 0
2918 91 0
2919 91 0
2920 91 0
2921 91 0
2925 91 0
2926 91 0
2927 91 0
2928 91 0
2929 91 0
2930 91 0
2934 92 0
2935 92 0
2936 92 0
2937 92 0
2938 92 0
2939 92 0
2940 92 0
2941 92 0
2942 92 0
2943 92 0
2944 92 0
2945 92 1
2946 92 0
2947 92 0
2948 92 0
2949 92 0
2950 92 0
2951 92 0
2955 92 0
2956 92 0
2957 92 0
2958 92 0
2959 92 0
2960 92 0
2961 92 0
2962 92 0
2963 92 0
2964 92 0
2965 92 0
2966 92 0
2970 92 0
2971 92 0
2972 92 0
2973 92 0
2974 92 0
2975 92 0
2979 93 -0.0179567
2980 93 0.571899
2981 93 -0.236706
2982 93 -0.153208
2983 93 -0.591848
2984 93 -0.268556
2985 93 0
2986 93 0
2987 93 0
2988 93 4.63978
2989 93 -0.00596197
2990 93 0.0181208
2991 93 0.0705523
2992 93 -0.0141918
2993 93 0.565269
2994 93 -0.165713
2995 93 -0.590242
2996 93 -0.250908
2997 93 -0.000926524
2998 93 0.5891
2999 93 -0.180197
3000 93 -1.8027
3001 93 0.119612
3002 93 0.34501
3003 93 -0.316501
3004 93 0.0279222
3005 93 -0.790027
3006 93 0.0205078
3007 93 0.308798
3008 93 0.182822
3009 93 -0.096212
3010 93 -0.496368
3011 93 0.303223
3012 93 -0.0829343
3013 93 -0.464152
3014 93 0.290477
3015 93 -0.0129377
3016 93 0.352726
3017 93 0.24408
3018 93 0
3019 93 0
3020 93 0
3021 93 -1.82531
3022 93 0.11713
3023 93 0.110244
3024 94 0.588567
3025 94 -0.300841
3026 94 0.309905
3027 94 -0.593448
3028 94 -0.159412
3029 94 -0.273578
3030 94 0
3031 94 0
3032 94 0
3033 94 -0.00596197
3034 94 4.71053
3035 94 0.000769655
3036 94 -0.00764376
3037 94 0.436258
3038 94 0.0137318
3039 94 -0.594833
3040 94 -0.155339
3041 94 -0.255961
3042 94 0.576771
3043 94 -0.35045
3044 94 0.246813
3045 94 0.12434
3046 94 0.0819583
3047 94 -0.0207733
3048 94 0.0403337
3049 94 0.104973
3050 94 0.0832681
3051 94 0.307259
3052 94 -1.2558
3053 94 -0.870782
3054 94 -0.455176
3055 94 -1.20233
3056 94 0.786099
3057 94 -0.467783
3058 94 -1.18374
3059 94 0.826007
3060 94 0.317448
3061 94 -1.17443
3062 94 -0.889649
3063 94 0
3064 94 0
3065 94 0
3066 94 0.108528
3067 94 0.0736367
3068 94 -0.00546698
3069 95 -0.228611
3070 95 0.287202
3071 95 0.31635
3072 95 -0.273006
3073 95 -0.277569
3074 95 0.312498
3075 95 0
3076 95 0
3077 95 0
3078 95 0.0181208
3079 95 0.000769655
3080 95 4.78324
3081 95 0.615025
3082 95 0.0234767
3083 95 -0.5094
3084 95 -0.286217
3085 95 -0.287831
3086 95 0.320046
3087 95 -0.212409
3088 95 0.292544
3089 95 0.350778
3090 95 0.347715
3091 95 -0.0205403
3092 95 0.0122472
3093 95 -0.797887
3094 95 0.0671971
3095 95 -1.49735
3096 95 0.175016
3097 95 -0.875203
3098 95 -0.472553
3099 95 0.276116
3100 95 0.769434
3101 95 -0.408344
3102 95 0.276237
3103 95 0.823988
3104 95 -0.441077
3105 95 0.220809
3106 95 -0.838963
3107 95 -0.521773
3108 95 0
3109 95 0
3110 95 0
3111 95 0.177563
3112 95 -0.0146132
3113 95 0.0410816
3114 96 -0.0864075
3115 96 0.586839
3116 96 -0.279231
3117 96 0.0705523
3118 96 -0.00764376
3119 96 0.615025
3120 96 3.14821
3121 96 -0.38432
3122 96 -0.231103
3129 96 -1.26091
3130 96 -0.287737
3131 96 -0.0571671
3132 96 -0.213708
3133 96 -0.192402
3134 96 -0.451798
3135 96 -0.0597314
3136 96 0.450438
3137 96 0.278962
3141 96 -0.120848
3142 96 -0.392367
3143 96 0.0110924
3147 96 -0.129328
3148 96 -0.14654
3149 96 -0.38485
3153 97 0.574987
3154 97 -0.207084
3155 97 0.307682
3156 97 -0.0141918
3157 97 0.436258
3158 97 0.0234767
3159 97 -0.38432
3160 97 3.08109
3161 97 -0.211126
3168 97 0.122513
3169 97 0.0424342
3170 97 -0.0682589
3171 97 0.0117695
3172 97 0.0283471
3173 97 0.151492
3174 97 -0.00383518
3175 97 -0.831658
3176 97 -0.571383
3180 97 -0.575306
3181 97 -0.867625
3182 97 0.228107
3186 97 0.0338113
3187 97 0.00874606
3188 97 0.22579
3192 98 -0.266121
3193 98 0.305498
3194 98 0.296243
3195 98 0.565269
3196 98 0.0137318
3197 98 -0.5094
3198 98 -0.231103
3199 98 -0.211126
3200 98 3.34826
3207 98 0.186425
3208 98 -0.0317739
3209 98 0.0790113
3210 98 -0.696883
3211 98 -0.227603
3212 98 -0.955552
3213 98 0.0125819
3214 98 -0.620675
3215 98 -0.251608
3219 98 0.281861
3220 98 0.606696
3221 98 -0.150877
3225 98 -0.6417
3226 98 -0.153341
3227 98 -1.0177
3231 99 -0.114453
3232 99 0.594099
3233 99 -0.270117
3240 99 4.73106
3241 99 0.0089099
3242 99 0.00670542
3243 99 0.191909
3244 99 -0.00532568
3245 99 0.503966
3255 99 -0.357714
3256 99 0.0228697
3257 99 -0.838512
3258 99 -0.0452796
3259 99 0.440187
3260 99 0.283497
3261 99 -0.0279598
3262 99 -0.418358
3263 99 0.254831
3273 99 -1.81689
3274 99 0.0682238
3275 99 0.312941
3276 100 0.585487
3277 100 -0.197094
3278 100 0.288315
3285 100 0.0089099
3286 100 4.70706
3287 100 -0.00192336
3288 100 -0.00180471
3289 100 0.440231
3290 100 0.00475477
3300 100 0.0192982
3301 100 0.0821303
3302 100 0.035059
3303 100 0.42311
3304 100 -1.20814
3305 100 -0.837624
3306 100 -0.417724
3307 100 -1.26167
3308 100 0.804424
3318 100 0.0695968
3319 100 0.0802935
3320 100 -0.0106732
3321 101 -0.264572
3322 101 0.290236
3323 101 0.307608
3330 101 0.00670542
3331 101 -0.00192336
3332 101 4.69543
3333 101 0.516899
3334 101 0.0120923
3335 101 -0.631887
3345 101 -0.822292
3346 101 0.0422312
3347 101 -1.43232
3348 101 0.275762
3349 101 -0.838322
3350 101 -0.455007
3351 101 0.258937
3352 101 0.831897
3353 101 -0.417662
3363 101 0.324468
3364 101 -0.0105575
3365 101 0.0282942
3372 102 0.191909
3373 102 -0.00180471
3374 102 0.516899
3375 102 4.74124
3376 102 0.00882724
3377 102 -0.00519776
3393 102 -0.0242615
3394 102 0.374992
3395 102 0.252312
3405 102 -0.409554
3406 102 0.0417913
3407 102 -0.833875
3417 103 -0.00532568
3418 103 0.440231
3419 103 0.0120923
3420 103 0.00882724
3421 103 4.70965
3422 103 0.000484519
3438 103 0.381372
3439 103 -1.20175
3440 103 -0.857184
3450 103 0.0408791
3451 103 0.0794694
3452 103 0.0707245
3462 104 0.503966
3463 104 0.00475477
3464 104 -0.631887
3465 104 -0.00519776
3466 104 0.000484519
3467 104 4.68267
3483 104 0.256496
3484 104 -0.850273
3485 104 -0.481485
3495 104 -0.851429
3496 104 0.0743027
3497 104 -1.37839
3558 108 0
3559 108 0
3560 108 0
3561 108 1
3562 108 0
3563 108 0
3570 108 0
3571 108 0
3572 108 0
3579 108 0
3580 108 0
3581 108 0
3591 109 0
3592 109 0
3593 109 0
3594 109 0
3595 109 1
3596 109 0
3603 109 0
3604 109 0
3605 109 0
3612 109 0
3613 109 0
3614 109 0
3624 110 0
3625 110 0
3626 110 0
3627 110 0
3628 110 0
3629 110 1
3636 110 0
3637 110 0
3638 110 0
3645 110 0
3646 110 0
3647 110 0
3654 111 -0.023086
3655 111 0.504782
3656 111 -0.202942
3657 111 -0.165713
3658 111 -0.594833
3659 111 -0.286217
3663 111 2.34306
3664 111 -0.0438242
3665 111 -0.157066
3669 111 -1.78391
3670 111 0.172364
3671 111 0.423063
3675 111 0.0577467
3676 111 0.378477
3677 111 0.217408
3678 111 0
3679 111 0
3680 111 0
3687 112 0.0925401
3688 112 -0.162985
3689 112 0.184539
3690 112 -0.590242
3691 112 -0.155339
3692 112 -0.287831
3696 112 -0.0438242
3697 112 2.2679
3698 112 -0.137615
3702 112 0.162168
3703 112 0.0908282
3704 112 -0.0408123
3708 112 -0.0323723
3709 112 -0.395501
3710 112 -0.217986
3711 112 0
3712 112 0
3713 112 0
3720 113 0.0238134
3721 113 0.0679592
3722 113 0.185787
3723 113 -0.250908
3724 113 -0.255961
3725 113 0.320046
3729 113 -0.157066
3730 113 -0.137615
3731 113 2.11911
3735 113 0.432828
3736 113 -0.0418291
3737 113 -0.0150895
3741 113 -0.0433044
3742 113 -0.305632
3743 113 -0.23192
3744 113 0
3745 113 0
3746 113 0
3759 114 2.13169
3760 114 -0.147094
3761 114 0.169466
3762 114 0.151985
3763 114 -0.156515
3764 114 0.240576
3771 114 -0.375998
3772 114 0.0206958
3773 114 -0.855989
3780 114 -0.00489305
3781 114 0.345056
3782 114 0.230323
3792 115 -0.147094
3793 115 2.2752
3794 115 0.112746
3795 115 -0.0590096
3796 115 0.333094
3797 115 -0.144966
3804 115 0.0185189
3805 115 0.0844846
3806 115 0.0493666
3813 115 0.36453
3814 115 -1.21039
3815 115 -0.8658
3825 116 0.169466
3826 116 0.112746
3827 116 2.32317
3828 116 0.50407
3829 116 0.0909054
3830 116 -0.484871
3837 116 -0.834369
3838 116 0.0389605
3839 116 -1.41647
3846 116 0.243632
3847 116 -0.876923
3848 116 -0.493074
3858 117 0.151985
3859 117 -0.0590096
3860 117 0.50407
3861 117 2.3947
3862 117 -0.0307949
3863 117 -0.0259374
3867 117 -1.83427
3868 117 0.00363378
3869 117 0.321635
3876 117 -0.0462881
3877 117 -0.418539
3878 117 0.258603
3891 118 -0.156515
3892 118 0.333094
3893 118 0.0909054
3894 118 -0.0307949
3895 118 2.29422
3896 118 -0.193408
3900 118 0.0144304
3901 118 0.0881562
3902 118 -0.00257811
3909 118 -0.426734
3910 118 -1.26115
3911 118 0.822516
3924 119 0.240576
3925 119 -0.144966
3926 119 -0.484871
3927 119 -0.0259374
3928 119 -0.193408
3929 119 2.04114
3933 119 0.313922
3934 119 8.71439e-05
3935 119 0.0378121
3942 119 0.254943
3943 119 0.793518
3944 119 -0.399075
3954 120 0.980553
3955 120 0.319189
3956 120 -0.172303
3957 120 0.107219
3958 120 0.0909255
3959 120 0.27565
3963 120 -0.108994
3964 120 0.00713801
3965 120 -0.10382
3969 120 -0.089494
3970 120 -0.472683
3971 120 0.274007
3978 121 0.319189
3979 121 1.749
3980 121 -0.512364
3981 121 -0.114246
3982 121 0.207636
3983 121 0.2391
3987 121 0.230352
3988 121 0.0540469
3989 121 0.263603
3993 121 -0.469233
3994 121 -1.24548
3995 121 0.783075
4002 122 -0.172303
4003 122 -0.512364
4004 122 1.15302
4005 122 0.240284
4006 122 -0.197242
4007 122 -0.31496
4011 122 -0.356569
4012 122 -0.103777
4013 122 -0.511847
4017 122 0.266363
4018 122 0.767925
4019 122 -0.370052
4023 123 -0.0166418
4024 123 0.2052
4025 123 -0.219259
4026 123 0.107219
4027 123 -0.114246
4028 123 0.240284
4029 123 2.93052
4030 123 -0.222219
4031 123 -0.301207
4035 123 -0.174306
4036 123 -0.60362
4037 123 -0.268627
4041 123 -0.584641
4042 123 -0.0942848
4043 123 0.0250558
4044 123 0.024314
4045 123 0.289104
4046 123 0.197127
4047 123 -0.0956706
4048 123 -0.539565
4049 123 0.289463
4053 123 -0.291186
4054 123 0.0589735
4055 123 -0.766568
4056 123 -1.84993
4057 123 0.123504
4058 123 0.203095
4059 124 0.397699
4060 124 -0.158101
4061 124 0.313754
4062 124 0.0909255
4063 124 0.207636
4064 124 -0.197242
4065 124 -0.222219
4066 124 2.39025
4067 124 0.606451
4071 124 -0.576097
4072 124 -0.134486
4073 124 -0.260123
4077 124 0.314912
4078 124 0.0542182
4079 124 0.0158067
4080 124 0.300407
4081 124 -1.16593
4082 124 -0.905279
4083 124 -0.308284
4084 124 -0.848338
4085 124 0.651629
4089 124 -0.166139
4090 124 0.0466444
4091 124 -0.154807
4092 124 0.0978621
4093 124 0.0791583
4094 124 -0.00913021
4095 125 0.0166914
4096 125 -0.0701226
4097 125 0.174743
4098 125 0.27565
4099 125 0.2391
4100 125 -0.31496
4101 125 -0.301207
4102 125 0.606451
4103 125 1.9788
4107 125 -0.284018
4108 125 -0.286305
4109 125 0.309536
4113 125 0.304935
4114 125 0.0839859
4115 125 -0.0390763
4116 125 0.192167
4117 125 -0.896324
4118 125 -0.566758
4119 125 0.0148332
4120 125 0.261062
4121 125 -0.195052
4125 125 -0.507202
4126 125 0.20708
4127 125 -0.89923
4128 125 0.252163
4129 125 -0.00972243
4130 125 0.0432557
4134 126 2.37076
4135 126 -0.0788206
4136 126 -0.0141267
4140 126 -0.161824
4141 126 -0.551281
4142 126 -0.348984
4143 126 0.0131495
4144 126 0.522985
4145 126 -0.229461
4146 126 -0.00559546
4147 126 -0.0347633
4148 126 -0.00162613
4152 126 -0.0267527
4153 126 -0.00371571
4154 126 0.0284023
4155 126 0.0328983
4156 126 0.404588
4157 126 0.267013
4158 126 -0.229688
4159 126 0.070958
4160 126 -0.731425
4161 126 -1.83984
4162 126 0.19632
4163 126 0.165496
4167 127 -0.0788206
4168 127 1.96559
4169 127 -0.0282726
4173 127 -0.551537
4174 127 -0.072246
4175 127 -0.3238
4176 127 0.217885
4177 127 -0.322981
4178 127 0.119586
4179 127 0.404862
4180 127 -0.606127
4181 127 -0.285732
4185 127 -0.201271
4186 127 -0.397111
4187 127 0.113026
4188 127 -0.00710446
4189 127 -0.392335
4190 127 -0.230335
4191 127 0.07748
4192 127 0.056856
4193 127 0.171766
4194 127 0.201311
4195 127 0.0672441
4196 127 -0.0151971
4200 128 -0.0141267
4201 128 -0.0282726
4202 128 2.39371
4206 128 -0.350203
4207 128 -0.325538
4208 128 0.235005
4209 128 -0.237664
4210 128 0.298895
4211 128 0.309948
4212 128 0.256233
4213 128 -0.576377
4214 128 -0.24254
4218 128 0.301724
4219 128 0.475375
4220 128 -0.145194
4221 128 -0.0070251
4222 128 -0.241277
4223 128 -0.209611
4224 128 -0.733252
4225 128 0.156523
4226 128 -1.53495
4227 128 0.180041
4228 128 -0.0188706
4229 128 0.0663672
4416 135 1
4417 135 0
4418 135 0
4419 135 0
4420 135 0
4421 135 0
4434 135 0
4435 135 0
4436 135 0
4437 135 0
4438 135 0
4439 135 0
4440 135 0
4441 135 0
4442 135 0
4449 136 0
4450 136 1
4451 136 0
4452 136 0
4453 136 0
4454 136 0
4467 136 0
4468 136 0
4469 136 0
4470 136 0
4471 136 0
4472 136 0
4473 136 0
4474 136 0
4475 136 0
4482 137 0
4483 137 0
4484 137 1
4485 137 0
4486 137 0
4487 137 0
4500 137 0
4501 137 0
4502 137 0
4503 137 0
4504 137 0
4505 137 0
4506 137 0
4507 137 0
4508 137 0
4509 138 -0.000926524
4510 138 0.576771
4511 138 -0.212409
4512 138 -0.174306
4513 138 -0.576097
4514 138 -0.284018
4515 138 0
4516 138 0
4517 138 0
4518 138 4.68399
4519 138 -0.00868318
4520 138 -0.0433003
4530 138 -1.79085
4531 138 0.0980603
4532 138 0.419634
4533 138 -0.322954
4534 138 0.0700618
4535 138 -0.769531
4536 138 0
4537 138 0
4538 138 0
4542 138 -0.0793694
4543 138 -0.454013
4544 138 0.274508
4545 138 -0.0258493
4546 138 0.385483
4547 138 0.264815
4548 138 0
4549 138 0
4550 138 0
4554 139 0.5891
4555 139 -0.35045
4556 139 0.292544
4557 139 -0.60362
4558 139 -0.134486
4559 139 -0.286305
4560 139 0
4561 139 0
4562 139 0
4563 139 -0.00868318
4564 139 4.67636
4565 139 0.024069
4575 139 0.123465
4576 139 0.0985993
4577 139 -0.0222777
4578 139 0.0766041
4579 139 0.0768837
4580 139 0.151315
4581 139 0
4582 139 0
4583 139 0
4587 139 -0.464632
4588 139 -1.19119
4589 139 0.793183
4590 139 0.37187
4591 139 -1.19752
4592 139 -0.866555
4593 139 0
4594 139 0
4595 139 0
4599 140 -0.180197
4600 140 0.246813
4601 140 0.350778
4602 140 -0.268627
4603 140 -0.260123
4604 140 0.309536
4605 140 0
4606 140 0
4607 140 0
4608 140 -0.0433003
4609 140 0.024069
4610 140 4.77321
4620 140 0.420697
4621 140 -0.0159035
4622 140 -0.0176942
4623 140 -0.769325
4624 140 0.1427
4625 140 -1.47004
4626 140 0
4627 140 0
4628 140 0
4632 140 0.29489
4633 140 0.845488
4634 140 -0.439049
4635 140 0.232463
4636 140 -0.846207
4637 140 -0.487819
4638 140 0
4639 140 0
4640 140 0
4647 141 -0.161824
4648 141 -0.551537
4649 141 -0.350203
4653 141 4.73182
4654 141 -0.00508842
4655 141 0.00222834
4659 141 -0.158818
4660 141 -0.543454
4661 141 -0.354807
4662 141 0.0670711
4663 141 0.545706
4664 141 -0.211189
4665 141 -1.86511
4666 141 0.119569
4667 141 0.127009
4671 141 -0.0286586
4672 141 0.418992
4673 141 0.276626
4674 141 -0.157612
4675 141 -0.576998
4676 141 0.314436
4677 141 -0.18066
4678 141 -0.619507
4679 141 0.331362
4680 141 0.0133817
4681 141 0.321468
4682 141 0.2178
4683 141 -0.166056
4684 141 0.0690791
4685 141 -0.686707
4686 141 -1.83588
4687 141 0.196094
4688 141 0.138124
4692 142 -0.551281
4693 142 -0.072246
4694 142 -0.325538
4698 142 -0.00508842
4699 142 4.69473
4700 142 -0.011327
4704 142 -0.549795
4705 142 -0.0648998
4706 142 -0.329115
4707 142 0.551292
4708 142 -0.382749
4709 142 0.320423
4710 142 0.116426
4711 142 0.0792394
4712 142 -0.00919242
4716 142 0.39925
4717 142 -1.17388
4718 142 -0.858232
4719 142 -0.580776
4720 142 -1.23543
4721 142 0.708722
4722 142 -0.597094
4723 142 -1.22852
4724 142 0.712465
4725 142 0.32299
4726 142 -1.21343
4727 142 -0.87638
4728 142 0.0792231
4729 142 0.0654255
4730 142 0.191949
4731 142 0.201171
4732 142 0.0608145
4733 142 -0.0147313
4737 143 -0.348984
4738 143 -0.3238
4739 143 0.235005
4743 143 0.00222834
4744 143 -0.011327
4745 143 4.707
4749 143 -0.360435
4750 143 -0.330689
4751 143 0.223572
4752 143 -0.216161
4753 143 0.324723
4754 143 0.315155
4755 143 0.113736
4756 143 -0.00643057
4757 143 0.0655709
4761 143 0.267319
4762 143 -0.858258
4763 143 -0.503387
4764 143 0.317339
4765 143 0.725705
4766 143 -0.313498
4767 143 0.313837
4768 143 0.693564
4769 143 -0.29984
4770 143 0.215313
4771 143 -0.872636
4772 143 -0.506784
4773 143 -0.680389
4774 143 0.159985
4775 143 -1.60533
4776 143 0.151049
4777 143 -0.0140312
4778 143 0.0674723
5193 156 -0.158818
5194 156 -0.549795
5195 156 -0.360435
5199 156 2.09082
5200 156 0.0972436
5201 156 -0.202205
5208 156 -0.93004
5209 156 0.373725
5210 156 0.0734789
5211 156 -0.120546
5212 156 0.202928
5213 156 -0.380218
5214 156 -0.213347
5215 156 -0.667829
5216 156 0.344051
5217 156 0.00386111
5218 156 0.336306
5219 156 0.224654
5226 157 -0.543454
5227 157 -0.0648998
5228 157 -0.330689
5232 157 0.0972436
5233 157 2.39285
5234 157 0.0506685
5241 157 -0.201673
5242 157 0.0364082
5243 157 -0.0440029
5244 157 -0.127737
5245 157 0.0380164
5246 157 -0.159831
5247 157 -0.616913
5248 157 -1.21492
5249 157 0.682907
5250 157 0.355871
5251 157 -1.22088
5252 157 -0.88183
5259 158 -0.354807
5260 158 -0.329115
5261 158 0.223572
5265 158 -0.202205
5266 158 0.0506685
5267 158 2.24639
5274 158 0.0328467
5275 158 0.0249216
5276 158 0.0327853
5277 158 -0.353206
5278 158 0.323066
5279 158 -0.770889
5280 158 0.318514
5281 158 0.691613
5282 158 -0.28018
5283 158 0.23378
5284 158 -0.869323
5285 158 -0.490583
5301 159 2.03064
5302 159 0.383412
5303 159 0.341892
5304 159 0.105215
5305 159 0.00919316
5306 159 -0.00196545
5313 159 -0.3633
5314 159 0.0631408
5315 159 -0.814979
5316 159 -0.0042729
5317 159 0.0470506
5318 159 0.0187052
5337 160 0.383412
5338 160 2.42295
5339 160 -0.561598
5340 160 -0.00935348
5341 160 0.226164
5342 160 0.0198681
5349 160 0.0584252
5350 160 0.0647028
5351 160 0.111034
5352 160 -0.172785
5353 160 -0.392198
5354 160 0.12534
5373 161 0.341892
5374 161 -0.561598
5375 161 2.84598
5376 161 0.483838
5377 161 -0.013486
5378 161 -0.330934
5385 161 -0.81374
5386 161 0.115648
5387 161 -1.41175
5388 161 0.287628
5389 161 0.489398
5390 161 -0.174657
5406 162 0.105215
5407 162 -0.00935348
5408 162 0.483838
5409 162 2.10435
5410 162 -0.0674646
5411 162 -0.261843
5412 162 -1.78574
5413 162 0.104173
5414 162 0.389635
5418 162 0.0484935
5419 162 0.394472
5420 162 0.246626
5430 163 0.00919316
5431 163 0.226164
5432 163 -0.013486
5433 163 -0.0674646
5434 163 0.86207
5435 163 0.0187642
5436 163 0.103135
5437 163 0.0722294
5438 163 -0.0211907
5442 163 -0.0179053
5443 163 -0.383316
5444 163 -0.218684
5454 164 -0.00196545
5455 164 0.0198681
5456 164 -0.330934
5457 164 -0.261843
5458 164 0.0187642
5459 164 0.916157
5460 164 0.393096
5461 164 -0.0227699
5462 164 0.0051307
5466 164 -0.0280104
5467 164 -0.289012
5468 164 -0.234209
5544 168 0.0131495
5545 168 0.217885
5546 168 -0.237664
5550 168 2.07204
5551 168 0.0387931
5552 168 -0.194334
5556 168 -0.17422
5557 168 -0.55631
5558 168 -0.353056
5559 168 -0.586979
5560 168 -0.0561733
5561 168 -0.010061
5562 168 -0.0565339
5563 168 0.021158
5564 168 -0.0518929
5565 168 0.00790663
5566 168 0.330147
5567 168 0.220547
5568 168 -0.187784
5569 168 -0.593475
5570 168 0.328146
5574 168 -0.923334
5575 168 0.389475
5576 168 0.111066
5577 169 0.522985
5578 169 -0.322981
5579 169 0.298895
5583 169 0.0387931
5584 169 2.37234
5585 169 0.0307872
5589 169 -0.549681
5590 169 -0.0619028
5591 169 -0.317625
5592 169 0.355107
5593 169 0.0375017
5594 169 0.0350591
5595 169 0.219319
5596 169 0.0317898
5597 169 0.296158
5598 169 0.334587
5599 169 -1.19312
5600 169 -0.878519
5601 169 -0.601499
5602 169 -1.2107
5603 169 0.711314
5607 169 -0.187301
5608 169 0.0345547
5609 169 -0.0351257
5610 170 -0.229461
5611 170 0.119586
5612 170 0.309948
5616 170 -0.194334
5617 170 0.0307872
5618 170 2.28569
5622 170 -0.350845
5623 170 -0.319017
5624 170 0.235546
5625 170 0.265822
5626 170 0.0576647
5627 170 -0.0204852
5628 170 -0.326016
5629 170 -0.065576
5630 170 -0.545828
5631 170 0.226926
5632 170 -0.883804
5633 170 -0.522207
5634 170 0.327583
5635 170 0.716907
5636 170 -0.310254
5640 170 0.0831944
5641 170 0.011055
5642 170 0.0360036
5649 171 0.908266
5650 171 -0.209672
5651 171 -0.146282
5652 171 -0.0910314
5653 171 -0.0720797
5654 171 -0.036823
5658 171 0.0126022
5659 171 0.316733
5660 171 0.213625
5664 171 -0.0946428
5665 171 0.0206036
5666 171 -0.105532
5673 172 -0.209672
5674 172 1.7116
5675 172 0.584357
5676 172 -0.480847
5677 172 -0.0299758
5678 172 -0.151832
5682 172 0.307515
5683 172 -1.20003
5684 172 -0.87978
5688 172 -0.14635
5689 172 0.0858495
5690 172 -0.196542
5697 173 -0.146282
5698 173 0.584357
5699 173 1.26271
5700 173 -0.313509
5701 173 -0.165063
5702 173 0.120078
5706 173 0.20885
5707 173 -0.882211
5708 173 -0.520551
5712 173 -0.319606
5713 173 0.218364
5714 173 -0.561323
5721 174 2.49576
5722 174 -0.0317018
5723 174 0.0124192
5727 174 -0.0221927
5728 174 -0.186565
5729 174 -0.300241
5736 174 0
5737 174 0
5738 174 0
5739 174 -0.150384
5740 174 -0.552101
5741 174 0.298747
5754 175 -0.0317018
5755 175 2.44639
5756 175 -0.025118
5760 175 -0.332816
5761 175 -0.0790565
5762 175 -0.401822
5769 175 0
5770 175 0
5771 175 0
5772 175 -0.609058
5773 175 -1.24225
5774 175 0.73816
5787 176 0.0124192
5788 176 -0.025118
5789 176 2.35742
5793 176 -0.0361033
5794 176 0.00612159
5795 176 0.104223
5802 176 0
5803 176 0
5804 176 0
5805 176 0.319594
5806 176 0.734773
5807 176 -0.315552
5814 177 0.0670711
5815 177 0.551292
5816 177 -0.216161
5817 177 -0.17422
5818 177 -0.549681
5819 177 -0.350845
5823 177 4.73215
5824 177 -0.00925515
5825 177 -0.013392
5832 177 0.0737016
5833 177 0.54231
5834 177 -0.224737
5835 177 -1.85782
5836 177 0.170744
5837 177 0.184752
5838 177 -0.238835
5839 177 0.0869595
5840 177 -0.730551
5841 177 -0.0191917
5842 177 0.36945
5843 177 0.239215
5844 177 -0.227757
5845 177 -0.615357
5846 177 0.33344
5850 177 0.00644902
5851 177 0.3335
5852 177 0.227608
5853 177 -0.199923
5854 177 0.0609684
5855 177 -0.694801
5856 177 -1.85867
5857 177 0.22129
5858 177 0.114255
5859 178 0.545706
5860 178 -0.382749
5861 178 0.324723
5862 178 -0.55631
5863 178 -0.0619028
5864 178 -0.319017
5868 178 -0.00925515
5869 178 4.70923
5870 178 0.0102119
5877 178 0.543551
5878 178 -0.3708
5879 178 0.339434
5880 178 0.174964
5881 178 0.0745696
5882 178 -0.0158628
5883 178 0.0837364
5884 178 0.0657154
5885 178 0.183035
5886 178 0.386879
5887 178 -1.20096
5888 178 -0.848036
5889 178 -0.647446
5890 178 -1.19205
5891 178 0.696031
5895 178 0.334644
5896 178 -1.20567
5897 178 -0.887949
5898 178 0.0698907
5899 178 0.0722564
5900 178 0.167672
5901 178 0.20705
5902 178 0.0666415
5903 178 -0.0122194
5904 179 -0.211189
5905 179 0.320423
5906 179 0.315155
5907 179 -0.353056
5908 179 -0.317625
5909 179 0.235546
5913 179 -0.013392
5914 179 0.0102119
5915 179 4.69217
5922 179 -0.225534
5923 179 0.334452
5924 179 0.299269
5925 179 0.167618
5926 179 -0.0124533
5927 179 0.0621157
5928 179 -0.731973
5929 179 0.190091
5930 179 -1.53308
5931 179 0.255753
5932 179 -0.868345
5933 179 -0.48931
5934 179 0.34228
5935 179 0.692031
5936 179 -0.290653
5940 179 0.22292
5941 179 -0.872886
5942 179 -0.507943
5943 179 -0.685503
5944 179 0.14051
5945 179 -1.58268
5946 179 0.130542
5947 179 -0.0163172
5948 179 0.0844617
5952 180 -0.0910314
5953 180 -0.480847
5954 180 -0.313509
5958 180 2.43747
5959 180 0.0302729
5960 180 -0.012827
5964 180 -1.84007
5965 180 0.214244
5966 180 0.19379
5976 180 -0.0952913
5977 180 -0.524491
5978 180 0.254492
5985 181 -0.0720797
5986 181 -0.0299758
5987 181 -0.165063
5991 181 0.0302729
5992 181 2.42926
5993 181 0.000848235
5997 181 0.208815
5998 181 0.0655446
5999 181 -0.0199988
6009 181 -0.0953991
6010 181 -0.604699
6011 181 0.17167
6018 182 -0.036823
6019 182 -0.151832
6020 182 0.120078
6024 182 -0.012827
6025 182 0.000848235
6026 182 2.43283
6030 182 0.185081
6031 182 -0.0211791
6032 182 0.0663975
6042 182 0.0739801
6043 182 0.536821
6044 182 -0.152125
6051 183 -0.0221927
6052 183 -0.332816
6053 183 -0.0361033
6054 183 0.968755
6055 183 -0.0068691
6056 183 0.42607
6057 183 0.00608475
6058 183 0.010518
6059 183 0.0605472
6060 183 0
6061 183 0
6062 183 0
6063 183 -0.10989
6064 183 0.0320811
6065 183 -0.604517
6066 183 -0.0554764
6067 183 -0.0360102
6068 183 0.0356338
6075 184 -0.186565
6076 184 -0.0790565
6077 184 0.00612159
6078 184 -0.0068691
6079 184 0.860205
6080 184 -0.060805
6081 184 -0.01056
6082 184 0.217833
6083 184 0.0143922
6084 184 0
6085 184 0
6086 184 0
6087 184 0.0279982
6088 184 0.085884
6089 184 0.0919164
6090 184 -0.188997
6091 184 -0.392484
6092 184 0.0985542
6099 185 -0.300241
6100 185 -0.401822
6101 185 0.104223
6102 185 0.42607
6103 185 -0.060805
6104 185 2.05361
6105 185 0.555849
6106 185 -0.0157141
6107 185 -0.224899
6108 185 0
6109 185 0
6110 185 0
6111 185 -0.597389
6112 185 0.106959
6113 185 -1.68317
6114 185 0.297577
6115 185 0.497553
6116 185 -0.121469
6126 186 0.00608475
6127 186 -0.01056
6128 186 0.555849
6129 186 2.40916
6130 186 -0.0186489
6131 186 0.0155002
6135 186 -1.87196
6136 186 0.142377
6137 186 0.0353981
6141 186 -0.0168879
6142 186 0.442343
6143 186 0.289632
6159 187 0.010518
6160 187 0.217833
6161 187 -0.0157141
6162 187 -0.0186489
6163 187 1.94195
6164 187 -0.0493779
6168 187 0.159086
6169 187 0.0787885
6170 187 -0.00156811
6174 187 0.0331594
6175 187 -0.378877
6176 187 -0.220362
6192 188 0.0605472
6193 188 0.0143922
6194 188 -0.224899
6195 188 0.0155002
6196 188 -0.0493779
6197 188 2.37896
6201 188 0.0380582
6202 188 -0.00120543
6203 188 0.0869915
6207 188 0.0227793
6208 188 -0.20181
6209 188 -0.175067
6291 192 0.0737016
6292 192 0.543551
6293 192 -0.225534
6294 192 0.891544
6295 192 -0.178668
6296 192 0.075267
6303 192 -0.0181439
6304 192 0.106112
6305 192 0.22422
6306 192 -0.0823303
6307 192 -0.0745958
6308 192 0.0415945
6309 193 0.54231
6310 193 -0.3708
6311 193 0.334452
6312 193 -0.178668
6313 193 1.03665
6314 193 -0.11454
6321 193 -0.0475467
6322 193 -0.34474
6323 193 -0.551372
6324 193 -0.518301
6325 193 -0.335923
6326 193 0.205084
6327 194 -0.224737
6328 194 0.339434
6329 194 0.299269
6330 194 0.075267
6331 194 -0.11454
6332 194 0.815382
6339 194 0.00987443
6340 194 -0.134608
6341 194 -0.208811
6342 194 0.262436
6343 194 0.151861
6344 194 -0.149376
6435 198 -0.324256
6436 198 -0.0053222
6437 198 -0.807561
6438 198 -0.924367
6439 198 -0.127702
6440 198 0.372515
6444 198 1.47276
6445 198 -0.16523
6446 198 0.411331
6450 198 -0.0753834
6451 198 0.583018
6452 198 -0.266814
6462 199 -0.0048966
6463 199 0.0877297
6464 199 -0.0076268
6465 199 0.139072
6466 199 0.0451396
6467 199 -0.0700352
6471 199 -0.16523
6472 199 1.49599
6473 199 0.0926063
6477 199 0.581463
6478 199 -0.223051
6479 199 0.303718
6489 200 -0.802768
6490 200 -0.00739678
6491 200 -1.47262
6492 200 -0.120062
6493 200 0.0710694
6494 200 0.0254109
6498 200 0.411331
6499 200 0.0926063
6500 200 2.05282
6504 200 -0.269338
6505 200 0.305742
6506 200 0.297863
6723 210 0.00211513
6724 210 0.0231143
6725 210 0.00662768
6726 210 -0.001719
6727 210 -0.143646
6728 210 0.256985
6732 210 -0.605572
6733 210 0.296846
6734 210 0.251638
6735 210 0.932181
6736 210 0.207714
6737 210 0.10025
6738 210 -0.0769485
6739 210 -0.580787
6740 210 -0.265957
6741 211 0.447095
6742 211 -0.374833
6743 211 -0.256067
6744 211 0.0558029
6745 211 -0.376928
6746 211 0.520921
6750 211 -0.127343
6751 211 0.0677766
6752 211 0.084267
6753 211 0.207714
6754 211 0.993375
6755 211 0.10013
6756 211 -0.580476
6757 211 -0.223218
6758 211 -0.306947
6759 212 0.255682
6760 212 -0.197983
6761 212 -0.196317
6762 212 0.00943835
6763 212 0.134407
6764 212 -0.190852
6768 212 0.00404665
6769 212 0.025213
6770 212 -0.0317205
6771 212 0.10025
6772 212 0.10013
6773 212 0.81802
6774 212 -0.267665
6775 212 -0.308202
6776 212 0.299406
6783 213 -0.0153965
6784 213 -0.0353911
6785 213 0.0178154
6789 213 -0.169367
6790 213 -0.0436666
6791 213 -0.642466
6792 213 -1.84441
6793 213 0.0743525
6794 213 0.277768
6795 213 2.34994
6796 213 -0.04978
6797 213 -0.0467688
6804 213 -0.0465278
6805 213 0.566266
6806 213 -0.293326
6813 214 -0.449749
6814 214 -0.337815
6815 214 0.254939
6819 214 0.0206387
6820 214 0.0404349
6821 214 0.134699
6822 214 0.0663614
6823 214 0.0847444
6824 214 -0.00973281
6825 214 -0.04978
6826 214 1.78277
6827 214 -0.182952
6834 214 0.560477
6835 214 -0.220424
6836 214 0.340534
6843 215 0.285286
6844 215 0.191689
6845 215 -0.215835
6849 215 -0.162961
6850 215 -0.182109
6851 215 -0.725746
6852 215 0.259736
6853 215 -0.0117684
6854 215 0.0512
6855 215 -0.0467688
6856 215 -0.182952
6857 215 2.02786
6864 215 -0.285894
6865 215 0.337486
6866 215 0.263857
6876 216 -0.0582368
6877 216 -0.435208
6878 216 0.276912
6888 216 -1.84767
6889 216 0.0382877
6890 216 0.264412
6900 216 4.69629
6901 216 -0.0029191
6902 216 0.010972
6903 216 0.165944
6904 216 0.00530547
6905 216 0.531756
6921 217 -0.435935
6922 217 -1.1973
6923 217 0.828923
6933 217 0.0356853
6934 217 0.0891503
6935 217 -0.00354781
6945 217 -0.0029191
6946 217 4.71804
6947 217 -0.0119884
6948 217 0.0116327
6949 217 0.442392
6950 217 -0.0161441
6966 218 0.284381
6967 218 0.844776
6968 218 -0.455113
6978 218 0.264326
6979 218 -0.00395878
6980 218 0.0492748
6990 218 0.010972
6991 218 -0.0119884
6992 218 4.71922
6993 218 0.531005
6994 218 -0.00792232
6995 218 -0.599038
7002 219 -1.84065
7003 219 0.00280682
7004 219 0.276418
7005 219 -0.324987
7006 219 -0.000926991
7007 219 -0.797063
7008 219 -0.043655
7009 219 0.415754
7010 219 0.257764
7011 219 -0.0531979
7012 219 -0.43475
7013 219 0.271347
7017 219 -0.0572307
7018 219 0.433514
7019 219 0.280084
7020 219 -0.323188
7021 219 -0.00217379
7022 219 -0.803508
7026 219 -0.0753834
7027 219 0.581463
7028 219 -0.269338
7029 219 -0.0769485
7030 219 -0.580476
7031 219 -0.267665
7032 219 0.165944
7033 219 0.0116327
7034 219 0.531005
7035 219 4.69168
7036 219 0.013259
7037 219 0.0113486
7041 219 -0.0803691
7042 219 -0.579591
7043 219 -0.269761
7047 220 0.00430307
7048 220 0.0865231
7049 220 -0.000399364
7050 220 -0.000648174
7051 220 0.0842722
7052 220 0.00629575
7053 220 0.419087
7054 220 -1.23762
7055 220 -0.818281
7056 220 -0.436398
7057 220 -1.23382
7058 220 0.824061
7062 220 0.439693
7063 220 -1.21495
7064 220 -0.831424
7065 220 -0.00439575
7066 220 0.084411
7067 220 -0.0031274
7071 220 0.583018
7072 220 -0.223051
7073 220 0.305742
7074 220 -0.580787
7075 220 -0.223218
7076 220 -0.308202
7077 220 0.00530547
7078 220 0.442392
7079 220 -0.00792232
7080 220 0.013259
7081 220 4.734
7082 220 -6.01273e-05
7086 220 -0.57725
7087 220 -0.217944
7088 220 -0.311602
7092 221 0.268315
7093 221 -0.00027829
7094 221 0.0454653
7095 221 -0.80461
7096 221 0.00160678
7097 221 -1.46787
7098 221 0.260887
7099 221 -0.823168
7100 221 -0.426173
7101 221 0.271264
7102 221 0.818522
7103 221 -0.42122
7107 221 0.277171
7108 221 -0.817584
7109 221 -0.437653
7110 221 -0.799332
7111 221 0.00597001
7112 221 -1.47023
7116 221 -0.266814
7117 221 0.303718
7118 221 0.297863
7119 221 -0.265957
7120 221 -0.306947
7121 221 0.299406
7122 221 0.531756
7123 221 -0.0161441
7124 221 -0.599038
7125 221 0.0113486
7126 221 -6.01273e-05
7127 221 4.70787
7131 221 -0.272673
7132 221 -0.31187
7133 221 0.295875
7239 225 -0.120713
7240 225 -0.190091
7241 225 -0.339789
7242 225 -1.25738
7243 225 -0.232664
7244 225 0.0177165
7248 225 1.73198
7249 225 -0.158227
7250 225 -0.0361814
7254 225 -0.00959238
7255 225 0.571094
7256 225 -0.254213
7269 226 0.02183
7270 226 0.0801585
7271 226 0.156675
7272 226 0.199366
7273 226 0.0312399
7274 226 -0.0840433
7278 226 -0.158227
7279 226 2.25893
7280 226 0.0844079
7284 226 0.563153
7285 226 -0.29148
7286 226 0.319561
7299 227 -0.138683
7300 227 -0.239294
7301 227 -0.526223
7302 227 0.256703
7303 227 -0.0294974
7304 227 0.0844961
7308 227 -0.0361814
7309 227 0.0844079
7310 227 2.16966
7314 227 -0.238498
7315 227 0.327499
7316 227 0.301992
7329 228 -0.0839481
7330 228 -0.463899
7331 228 0.301749
7332 228 -0.0429261
7333 228 0.404465
7334 228 0.253646
7350 228 4.71093
7351 228 -0.00747653
7352 228 0.00994498
7359 228 -0.035573
7360 228 0.577579
7361 228 -0.256448
7374 229 -0.476465
7375 229 -1.17921
7376 229 0.82486
7377 229 0.425598
7378 229 -1.2475
7379 229 -0.828155
7395 229 -0.00747653
7396 229 4.71149
7397 229 -0.00617775
7404 229 0.569932
7405 229 -0.262976
7406 229 0.31582
7419 230 0.303412
7420 230 0.815021
7421 230 -0.447049
7422 230 0.258141
7423 230 -0.810958
7424 230 -0.423434
7440 230 0.00994498
7441 230 -0.00617775
7442 230 4.71113
7449 230 -0.256302
7450 230 0.319268
7451 230 0.298335
7452 231 -1.84687
7453 231 0.0182245
7454 231 0.263578
7455 231 -0.312503
7456 231 -0.00415161
7457 231 -0.789203
7464 231 -0.0546245
7465 231 -0.437842
7466 231 0.270196
7470 231 -0.301138
7471 231 -0.0017198
7472 231 -0.790793
7479 231 -0.0803691
7480 231 -0.57725
7481 231 -0.272673
7485 231 4.68873
7486 231 0.00634587
7487 231 -0.00137784
7494 231 -0.0828676
7495 231 0.57946
7496 231 -0.269588
7497 232 0.0140986
7498 232 0.0867282
7499 232 -0.00330031
7500 232 -0.00143549
7501 232 0.0852445
7502 232 0.00358013
7509 232 -0.443986
7510 232 -1.2312
7511 232 0.822317
7515 232 -0.0026956
7516 232 0.0853137
7517 232 0.000615632
7524 232 -0.579591
7525 232 -0.217944
7526 232 -0.31187
7530 232 0.00634587
7531 232 4.7206
7532 232 -0.000582147
7539 232 0.585404
7540 232 -0.212041
7541 232 0.306236
7542 233 0.25407
7543 233 -0.00253685
7544 233 0.0488512
7545 233 -0.798396
7546 233 -0.00568554
7547 233 -1.48108
7554 233 0.273401
7555 233 0.824628
7556 233 -0.4209
7560 233 -0.776777
7561 233 0.0111505
7562 233 -1.49547
7569 233 -0.269761
7570 233 -0.311602
7571 233 0.295875
7575 233 -0.00137784
7576 233 -0.000582147
7577 233 4.72423
7584 233 -0.275618
7585 233 0.302133
7586 233 0.29521
7785 243 0.0281835
7786 243 -0.000406651
7787 243 -0.00738536
7791 243 -0.0936869
7792 243 0.214956
7793 243 -0.353869
7794 243 -0.586945
7795 243 0.339743
7796 243 0.282081
7797 243 0.970388
7798 243 0.202966
7799 243 0.0917438
7800 243 -0.154545
7801 243 -0.584801
7802 243 -0.297591
7803 244 0.425241
7804 244 -0.403036
7805 244 -0.244194
7809 244 0.00967273
7810 244 0.0520221
7811 244 -0.113412
7812 244 -0.0791813
7813 244 0.05131
7814 244 0.0687715
7815 244 0.202966
7816 244 0.964318
7817 244 0.0851419
7818 244 -0.582301
7819 244 -0.143739
7820 244 -0.299237
7821 245 0.243044
7822 245 -0.206221
7823 245 -0.194522
7827 245 -0.0883478
7828 245 0.250632
7829 245 -0.527834
7830 245 0.0185264
7831 245 0.0166446
7832 245 -0.0344009
7833 245 0.0917438
7834 245 0.0851419
7835 245 0.80887
7836 245 -0.281769
7837 245 -0.284957
7838 245 0.296745
7839 246 0.00231658
7840 246 0.0225357
7841 246 0.00765014
7845 246 -0.0948409
7846 246 0.208103
7847 246 -0.344887
7851 246 0.945608
7852 246 0.189361
7853 246 0.0929847
7854 246 -0.101765
7855 246 -0.576312
7856 246 -0.286635
7857 247 0.442015
7858 247 -0.364989
7859 247 -0.263031
7863 247 0.00165823
7864 247 0.0580025
7865 247 -0.119607
7869 247 0.189361
7870 247 0.981172
7871 247 0.10389
7872 247 -0.580953
7873 247 -0.184836
7874 247 -0.309042
7875 248 0.268361
7876 248 -0.20191
7877 248 -0.206391
7881 248 -0.0995858
7882 248 0.254593
7883 248 -0.532567
7887 248 0.0929847
7888 248 0.10389
7889 248 0.816796
7890 248 -0.285327
7891 248 -0.310174
7892 248 0.286328
7893 249 -0.143001
7894 249 0.0036944
7895 249 -0.114689
7896 249 -0.0600012
7897 249 -0.421931
7898 249 0.301472
7899 249 -0.0154646
7900 249 0.375996
7901 249 0.2645
7902 249 0
7903 249 0
7904 249 0
7905 249 0
7906 249 0
7907 249 0
7908 249 2.40428
7909 249 -0.0998728
7910 249 -0.202431
7911 249 0.141359
7912 249 0.0241885
7913 249 0.550154
7914 249 -0.0960563
7915 249 -0.553405
7916 249 -0.221427
7920 250 -0.00495191
7921 250 -0.029651
7922 250 5.29579e-05
7923 250 -0.0530352
7924 250 -0.512537
7925 250 0.220233
7926 250 -0.000733687
7927 250 -0.593036
7928 250 -0.248933
7929 250 0
7930 250 0
7931 250 0
7932 250 0
7933 250 0
7934 250 0
7935 250 -0.0998728
7936 250 1.05499
7937 250 0.0153371
7938 250 0.0248559
7939 250 0.420256
7940 250 -0.047625
7941 250 -0.0921893
7942 250 -0.0815738
7943 250 -0.122342
7947 251 -0.623733
7948 251 0.0248515
7949 251 -0.397056
7950 251 0.0423297
7951 251 0.593903
7952 251 -0.282859
7953 251 -0.0170318
7954 251 -0.58179
7955 251 -0.245798
7956 251 0
7957 251 0
7958 251 0
7959 251 0
7960 251 0
7961 251 0
7962 251 -0.202431
7963 251 0.0153371
7964 251 1.5623
7965 251 0.569991
7966 251 -0.045182
7967 251 -0.561509
7968 251 0.00738197
7969 251 -0.0334292
7970 251 0.17197
7974 252 -1.83603
7975 252 0.101109
7976 252 0.2685
7980 252 -0.0237379
7981 252 0.403053
7982 252 0.213962
7983 252 -0.0791523
7984 252 -0.463598
7985 252 0.296259
7986 252 -0.120234
7987 252 -0.518516
7988 252 0.305466
7989 252 0.009774
7990 252 0.339652
7991 252 0.200063
7992 252 0
7993 252 0
7994 252 0
7995 252 -1.8027
7996 252 0.12434
7997 252 0.347715
7998 252 -0.0465278
7999 252 0.560477
8000 252 -0.285894
8001 252 -0.154545
8002 252 -0.582301
8003 252 -0.281769
8004 252 0.141359
8005 252 0.0248559
8006 252 0.569991
8007 252 4.68248
8008 252 0.000289628
8009 252 -0.0606508
8010 252 0.191753
8011 252 0.0134745
8012 252 0.518659
8013 252 -0.157129
8014 252 -0.583194
8015 252 -0.271992
8016 252 -0.0116762
8017 252 0.566077
8018 252 -0.245007
8019 253 0.0952306
8020 253 0.0861613
8021 253 -0.0118946
8025 253 0.384939
8026 253 -1.36829
8027 253 -0.771028
8028 253 -0.449049
8029 253 -1.13562
8030 253 0.833643
8031 253 -0.498071
8032 253 -1.21977
8033 253 0.773905
8034 253 0.329533
8035 253 -1.24856
8036 253 -0.862502
8037 253 0
8038 253 0
8039 253 0
8040 253 0.119612
8041 253 0.0819583
8042 253 -0.0205403
8043 253 0.566266
8044 253 -0.220424
8045 253 0.337486
8046 253 -0.584801
8047 253 -0.143739
8048 253 -0.284957
8049 253 0.0241885
8050 253 0.420256
8051 253 -0.045182
8052 253 0.000289628
8053 253 4.76132
8054 253 0.012199
8055 253 0.0179317
8056 253 0.422773
8057 253 -0.038858
8058 253 -0.627446
8059 253 -0.156493
8060 253 -0.271875
8061 253 0.601629
8062 253 -0.29471
8063 253 0.30983
8064 254 0.232775
8065 254 -0.0113068
8066 254 0.0409603
8070 254 0.203152
8071 254 -0.800579
8072 254 -0.316094
8073 254 0.309893
8074 254 0.860033
8075 254 -0.493124
8076 254 0.297105
8077 254 0.799483
8078 254 -0.36826
8079 254 0.207136
8080 254 -0.867616
8081 254 -0.471164
8082 254 0
8083 254 0
8084 254 0
8085 254 0.34501
8086 254 -0.0207733
8087 254 0.0122472
8088 254 -0.293326
8089 254 0.340534
8090 254 0.263857
8091 254 -0.297591
8092 254 -0.299237
8093 254 0.296745
8094 254 0.550154
8095 254 -0.047625
8096 254 -0.561509
8097 254 -0.0606508
8098 254 0.012199
8099 254 4.68975
8100 254 0.535176
8101 254 -0.0283566
8102 254 -0.614295
8103 254 -0.258885
8104 254 -0.235827
8105 254 0.314571
8106 254 -0.237655
8107 254 0.273118
8108 254 0.308457
8115 255 -0.0403024
8116 255 0.382633
8117 255 0.23563
8118 255 -0.0713556
8119 255 -0.461219
8120 255 0.285833
8121 255 -0.0488305
8122 255 -0.26891
8123 255 0.0119022
8124 255 -0.316501
8125 255 0.0403337
8126 255 -0.797887
8127 255 -1.26091
8128 255 0.122513
8129 255 0.186425
8133 255 0.191753
8134 255 0.0179317
8135 255 0.535176
8136 255 3.18764
8137 255 0.118632
8138 255 0.175737
8139 255 0.0696985
8140 255 0.119321
8141 255 0.275847
8142 255 -0.0819717
8143 255 -0.566824
8144 255 -0.281395
8154 256 0.388086
8155 256 -1.25715
8156 256 -0.805287
8157 256 -0.4562
8158 256 -1.21054
8159 256 0.826609
8160 256 -0.215013
8161 256 -0.59975
8162 256 0.151469
8163 256 0.0279222
8164 256 0.104973
8165 256 0.0671971
8166 256 -0.287737
8167 256 0.0424342
8168 256 -0.0317739
8172 256 0.0134745
8173 256 0.422773
8174 256 -0.0283566
8175 256 0.118632
8176 256 2.94079
8177 256 -0.49373
8178 256 -0.111998
8179 256 0.217739
8180 256 0.211915
8181 256 -0.573174
8182 256 -0.197077
8183 256 -0.325519
8193 257 0.237044
8194 257 -0.829177
8195 257 -0.413898
8196 257 0.287542
8197 257 0.819603
8198 257 -0.428579
8199 257 0.287822
8200 257 0.663766
8201 257 -0.206053
8202 257 -0.790027
8203 257 0.0832681
8204 257 -1.49735
8205 257 -0.0571671
8206 257 -0.0682589
8207 257 0.0790113
8211 257 0.518659
8212 257 -0.038858
8213 257 -0.614295
8214 257 0.175737
8215 257 -0.49373
8216 257 3.44913
8217 257 0.276199
8218 257 -0.224263
8219 257 -0.288248
8220 257 -0.288846
8221 257 -0.323509
8222 257 0.28093
8232 258 -0.0534146
8233 258 0.440475
8234 258 0.273388
8241 258 -0.213708
8242 258 0.0117695
8243 258 -0.696883
8250 258 0.0696985
8251 258 -0.111998
8252 258 0.276199
8253 258 3.4263
8254 258 -0.324941
8255 258 -0.0237732
8271 259 0.427939
8272 259 -1.23077
8273 259 -0.812844
8280 259 -0.192402
8281 259 0.0283471
8282 259 -0.227603
8289 259 0.119321
8290 259 0.217739
8291 259 -0.224263
8292 259 -0.324941
8293 259 2.95263
8294 259 0.346071
8310 260 0.270337
8311 260 -0.816742
8312 260 -0.430664
8319 260 -0.451798
8320 260 0.151492
8321 260 -0.955552
8328 260 0.275847
8329 260 0.211915
8330 260 -0.288248
8331 260 -0.0237732
8332 260 0.346071
8333 260 3.19863
8343 261 -1.84186
8344 261 -0.00077274
8345 261 0.283123
8349 261 -0.0434223
8350 261 0.420562
8351 261 0.271692
8355 261 -0.0544935
8356 261 -0.442709
8357 261 0.266604
8361 261 -0.357714
8362 261 0.0192982
8363 261 -0.822292
8370 261 -0.101765
8371 261 -0.580953
8372 261 -0.285327
8376 261 4.71115
8377 261 -0.00114619
8378 261 -0.00618618
8382 261 -0.0970266
8383 261 -0.585011
8384 261 -0.275119
8388 262 0.00463841
8389 262 0.0871193
8390 262 -0.00224333
8394 262 0.429871
8395 262 -1.20593
8396 262 -0.84104
8400 262 -0.448279
8401 262 -1.25492
8402 262 0.812693
8406 262 0.0228697
8407 262 0.0821303
8408 262 0.0422312
8415 262 -0.576312
8416 262 -0.184836
8417 262 -0.310174
8421 262 -0.00114619
8422 262 4.72661
8423 262 -0.0017699
8427 262 -0.581995
8428 262 -0.202426
8429 262 -0.300619
8433 263 0.274239
8434 263 -0.00088174
8435 263 0.04937
8439 263 0.279662
8440 263 -0.833829
8441 263 -0.45972
8445 263 0.266009
8446 263 0.794062
8447 263 -0.398566
8451 263 -0.838512
8452 263 0.035059
8453 263 -1.43232
8460 263 -0.286635
8461 263 -0.309042
8462 263 0.286328
8466 263 -0.00618618
8467 263 -0.0017699
8468 263 4.69578
8472 263 -0.269651
8473 263 -0.302871
8474 263 0.298834
8559 267 -0.209109
8560 267 0.0396847
8561 267 -0.204164
8565 267 0
8566 267 0
8567 267 0
8568 267 0
8569 267 0
8570 267 0
8571 267 0
8572 267 0
8573 267 0
8574 267 -0.0960563
8575 267 -0.0921893
8576 267 0.00738197
8577 267 1.14338
8578 267 -0.0626701
8579 267 -0.243189
8580 267 0.253999
8581 267 0.0423387
8582 267 0.446982
8583 267 0
8584 267 0
8585 267 0
8586 268 -0.0469311
8587 268 0.0494395
8588 268 -0.194987
8592 268 0
8593 268 0
8594 268 0
8595 268 0
8596 268 0
8597 268 0
8598 268 0
8599 268 0
8600 268 0
8601 268 -0.553405
8602 268 -0.0815738
8603 268 -0.0334292
8604 268 -0.0626701
8605 268 2.14258
8606 268 0.313775
8607 268 0.0529663
8608 268 0.417179
8609 268 -0.12418
8610 268 0
8611 268 0
8612 268 0
8613 269 -0.634576
8614 269 0.154881
8615 269 -0.695003
8619 269 0
8620 269 0
8621 269 0
8622 269 0
8623 269 0
8624 269 0
8625 269 0
8626 269 0
8627 269 0
8628 269 -0.221427
8629 269 -0.122342
8630 269 0.17197
8631 269 -0.243189
8632 269 0.313775
8633 269 1.73561
8634 269 0.458689
8635 269 -0.122983
8636 269 -0.680214
8637 269 0
8638 269 0
8639 269 0
8640 270 -1.8465
8641 270 0.177892
8642 270 0.258863
8643 270 -0.336412
8644 270 0.0188623
8645 270 -0.836776
8646 270 0.0374455
8647 270 0.254246
8648 270 0.152115
8649 270 -0.0804132
8650 270 -0.48465
8651 270 0.294154
8652 270 0
8653 270 0
8654 270 0
8655 270 0.0205078
8656 270 0.307259
8657 270 0.175016
8661 270 -1.78391
8662 270 0.162168
8663 270 0.432828
8664 270 -0.00959238
8665 270 0.563153
8666 270 -0.238498
8667 270 -0.157129
8668 270 -0.627446
8669 270 -0.258885
8670 270 0.253999
8671 270 0.0529663
8672 270 0.458689
8673 270 4.75654
8674 270 -0.045736
8675 270 0.033212
8676 270 0.203906
8677 270 0.00586627
8678 270 0.510645
8679 270 -0.237915
8680 270 -0.603365
8681 270 -0.249143
8682 270 0
8683 270 0
8684 270 0
8685 271 0.191287
8686 271 0.0777861
8687 271 -0.0286847
8688 271 0.0209041
8689 271 0.0942094
8690 271 0.0429693
8691 271 0.279176
8692 271 -1.31204
8693 271 -0.850132
8694 271 -0.460878
8695 271 -1.16196
8696 271 0.801943
8697 271 0
8698 271 0
8699 271 0
8700 271 0.308798
8701 271 -1.2558
8702 271 -0.875203
8706 271 0.172364
8707 271 0.0908282
8708 271 -0.0418291
8709 271 0.571094
8710 271 -0.29148
8711 271 0.327499
8712 271 -0.583194
8713 271 -0.156493
8714 271 -0.235827
8715 271 0.0423387
8716 271 0.417179
8717 271 -0.122983
8718 271 -0.045736
8719 271 4.63367
8720 271 0.0256095
8721 271 0.00649481
8722 271 0.42732
8723 271 -0.0172925
8724 271 -0.609777
8725 271 -0.113641
8726 271 -0.237183
8727 271 0
8728 271 0
8729 271 0
8730 272 0.304985
8731 272 -0.0270582
8732 272 0.0592273
8733 272 -0.824596
8734 272 0.0389148
8735 272 -1.46649
8736 272 0.163603
8737 272 -0.837315
8738 272 -0.434095
8739 272 0.301385
8740 272 0.850575
8741 272 -0.460103
8742 272 0
8743 272 0
8744 272 0
8745 272 0.182822
8746 272 -0.870782
8747 272 -0.472553
8751 272 0.423063
8752 272 -0.0408123
8753 272 -0.0150895
8754 272 -0.254213
8755 272 0.319561
8756 272 0.301992
8757 272 -0.271992
8758 272 -0.271875
8759 272 0.314571
8760 272 0.446982
8761 272 -0.12418
8762 272 -0.680214
8763 272 0.033212
8764 272 0.0256095
8765 272 4.74335
8766 272 0.512531
8767 272 -0.0142061
8768 272 -0.63146
8769 272 -0.23602
8770 272 -0.218764
8771 272 0.352101
8772 272 0
8773 272 0
8774 272 0
8775 273 -1.84812
8776 273 0.0951111
8777 273 0.248776
8778 273 -0.274402
8779 273 0.00319543
8780 273 -0.763617
8781 273 -0.0329329
8782 273 0.33182
8783 273 0.228878
8787 273 -0.096212
8788 273 -0.455176
8789 273 0.276116
8790 273 -0.0597314
8791 273 -0.00383518
8792 273 0.0125819
8796 273 -0.035573
8797 273 0.569932
8798 273 -0.256302
8799 273 -0.0819717
8800 273 -0.573174
8801 273 -0.288846
8802 273 0.203906
8803 273 0.00649481
8804 273 0.512531
8805 273 2.62997
8806 273 -0.026453
8807 273 0.139483
8814 274 0.0795556
8815 274 0.0874195
8816 274 -0.00729964
8817 274 0.00309387
8818 274 0.0775177
8819 274 0.0280572
8820 274 -0.0695331
8821 274 -0.850778
8822 274 -0.587862
8826 274 -0.496368
8827 274 -1.20233
8828 274 0.769434
8829 274 0.450438
8830 274 -0.831658
8831 274 -0.620675
8835 274 0.577579
8836 274 -0.262976
8837 274 0.319268
8838 274 -0.566824
8839 274 -0.197077
8840 274 -0.323509
8841 274 0.00586627
8842 274 0.42732
8843 274 -0.0142061
8844 274 -0.026453
8845 274 3.36297
8846 274 -0.153503
8853 275 0.242237
8854 275 -0.0139585
8855 275 0.0507892
8856 275 -0.770482
8857 275 0.00485929
8858 275 -1.51709
8859 275 -0.0311219
8860 275 -0.634789
8861 275 -0.255622
8865 275 0.303223
8866 275 0.786099
8867 275 -0.408344
8868 275 0.278962
8869 275 -0.571383
8870 275 -0.251608
8874 275 -0.256448
8875 275 0.31582
8876 275 0.298335
8877 275 -0.281395
8878 275 -0.325519
8879 275 0.28093
8880 275 0.510645
8881 275 -0.0172925
8882 275 -0.63146
8883 275 0.139483
8884 275 -0.153503
8885 275 3.58462
8892 276 -1.84038
8893 276 -0.0137456
8894 276 0.226292
8895 276 -0.313222
8896 276 0.000521858
8897 276 -0.790478
8898 276 -0.0320515
8899 276 0.460397
8900 276 0.273206
8907 276 -0.0452796
8908 276 0.42311
8909 276 0.275762
8913 276 -0.0828676
8914 276 0.585404
8915 276 -0.275618
8922 276 3.36462
8923 276 -0.172914
8924 276 -0.385185
8925 276 0.158794
8926 276 -0.0137563
8927 276 0.526621
8931 277 -0.0248632
8932 277 0.0809177
8933 277 0.00684214
8934 277 0.00355153
8935 277 0.0826404
8936 277 0.00770618
8937 277 -0.00639671
8938 277 -0.611997
8939 277 -0.52749
8946 277 0.440187
8947 277 -1.20814
8948 277 -0.838322
8952 277 0.57946
8953 277 -0.212041
8954 277 0.302133
8961 277 -0.172914
8962 277 3.41195
8963 277 0.10386
8964 277 -0.00829294
8965 277 0.448172
8966 277 0.00952174
8970 278 0.212061
8971 278 0.00352232
8972 278 0.0550431
8973 278 -0.801784
8974 278 -0.00329624
8975 278 -1.47855
8976 278 0.0153594
8977 278 -0.27302
8978 278 -0.213778
8985 278 0.283497
8986 278 -0.837624
8987 278 -0.455007
8991 278 -0.269588
8992 278 0.306236
8993 278 0.29521
9000 278 -0.385185
9001 278 0.10386
9002 278 2.80099
9003 278 0.527735
9004 278 0.0308041
9005 278 -0.606533
9009 279 -1.83455
9010 279 -0.0323483
9011 279 0.270118
9021 279 -0.0279598
9022 279 -0.417724
9023 279 0.258937
9024 279 -0.0242615
9025 279 0.381372
9026 279 0.256496
9027 279 -0.375998
9028 279 0.0185189
9029 279 -0.834369
9030 279 -1.83427
9031 279 0.0144304
9032 279 0.313922
9036 279 -0.0970266
9037 279 -0.581995
9038 279 -0.269651
9039 279 0.158794
9040 279 -0.00829294
9041 279 0.527735
9042 279 4.70674
9043 279 0.00983027
9044 279 0.0134907
9051 279 -0.0785204
9052 279 0.600125
9053 279 -0.234486
9054 280 -0.0231327
9055 280 0.0799516
9056 280 0.00163619
9066 280 -0.418358
9067 280 -1.26167
9068 280 0.831897
9069 280 0.374992
9070 280 -1.20175
9071 280 -0.850273
9072 280 0.0206958
9073 280 0.0844846
9074 280 0.0389605
9075 280 0.00363378
9076 280 0.0881562
9077 280 8.71439e-05
9081 280 -0.585011
9082 280 -0.202426
9083 280 -0.302871
9084 280 -0.0137563
9085 280 0.448172
9086 280 0.0308041
9087 280 0.00983027
9088 280 4.72266
9089 280 -0.0192562
9096 280 0.596066
9097 280 -0.253407
9098 280 0.26714
9099 281 0.271763
9100 281 0.00451036
9101 281 0.0462981
9111 281 0.254831
9112 281 0.804424
9113 281 -0.417662
9114 281 0.252312
9115 281 -0.857184
9116 281 -0.481485
9117 281 -0.855989
9118 281 0.0493666
9119 281 -1.41647
9120 281 0.321635
9121 281 -0.00257811
9122 281 0.0378121
9126 281 -0.275119
9127 281 -0.300619
9128 281 0.298834
9129 281 0.526621
9130 281 0.00952174
9131 281 -0.606533
9132 281 0.0134907
9133 281 -0.0192562
9134 281 4.70415
9141 281 -0.234006
9142 281 0.273038
9143 281 0.331564
9228 285 -0.11428
9229 285 0.235562
9230 285 -0.403173
9234 285 0.0577467
9235 285 -0.0323723
9236 285 -0.0433044
9237 285 -0.237915
9238 285 -0.609777
9239 285 -0.23602
9240 285 0.986854
9241 285 0.20262
9242 285 0.102373
9246 286 -0.00251182
9247 286 0.0464662
9248 286 -0.0949669
9252 286 0.378477
9253 286 -0.395501
9254 286 -0.305632
9255 286 -0.603365
9256 286 -0.113641
9257 286 -0.218764
9258 286 0.20262
9259 286 0.94496
9260 286 0.0723416
9264 287 -0.123222
9265 287 0.244565
9266 287 -0.500527
9270 287 0.217408
9271 287 -0.217986
9272 287 -0.23192
9273 287 -0.249143
9274 287 -0.237183
9275 287 0.352101
9276 287 0.102373
9277 287 0.0723416
9278 287 0.811763
9333 291 0.0328948
9334 291 -0.00332825
9335 291 -0.0110202
9336 291 0.0026715
9337 291 -0.18243
9338 291 0.268978
9339 291 -0.108994
9340 291 0.230352
9341 291 -0.356569
9342 291 -0.584641
9343 291 0.314912
9344 291 0.304935
9345 291 0.967627
9346 291 0.215437
9347 291 0.0994776
9348 291 -0.155039
9349 291 -0.573937
9350 291 -0.302769
9351 292 0.417562
9352 292 -0.387983
9353 292 -0.255253
9354 292 0.0351619
9355 292 -0.397958
9356 292 0.503067
9357 292 0.00713801
9358 292 0.0540469
9359 292 -0.103777
9360 292 -0.0942848
9361 292 0.0542182
9362 292 0.0839859
9363 292 0.215437
9364 292 0.969596
9365 292 0.0900546
9366 292 -0.578566
9367 292 -0.13483
9368 292 -0.309849
9369 293 0.256778
9370 293 -0.211623
9371 293 -0.208304
9372 293 0.0108414
9373 293 0.138
9374 293 -0.174212
9375 293 -0.10382
9376 293 0.263603
9377 293 -0.511847
9378 293 0.0250558
9379 293 0.0158067
9380 293 -0.0390763
9381 293 0.0994776
9382 293 0.0900546
9383 293 0.806354
9384 293 -0.283331
9385 293 -0.291222
9386 293 0.297695
9522 300 -1.85795
9523 300 0.077636
9524 300 0.253244
9525 300 -0.365085
9526 300 0.0408796
9527 300 -0.838207
9528 300 0
9529 300 0
9530 300 0
9531 300 -0.0829343
9532 300 -0.467783
9533 300 0.276237
9534 300 -0.089494
9535 300 -0.469233
9536 300 0.266363
9537 300 0.024314
9538 300 0.300407
9539 300 0.192167
9543 300 -1.79085
9544 300 0.123465
9545 300 0.420697
9546 300 -0.0116762
9547 300 0.601629
9548 300 -0.237655
9549 300 -0.155039
9550 300 -0.578566
9551 300 -0.283331
9555 300 4.74763
9556 300 0.0405464
9557 300 0.0241545
9558 300 0.222398
9559 300 -0.00918835
9560 300 0.494867
9564 300 -0.0291825
9565 300 0.591777
9566 300 -0.196279
9567 301 0.0696681
9568 301 0.0910765
9569 301 -0.00471315
9570 301 0.0529024
9571 301 0.0895565
9572 301 0.0984423
9573 301 0
9574 301 0
9575 301 0
9576 301 -0.464152
9577 301 -1.18374
9578 301 0.823988
9579 301 -0.472683
9580 301 -1.24548
9581 301 0.767925
9582 301 0.289104
9583 301 -1.16593
9584 301 -0.896324
9588 301 0.0980603
9589 301 0.0985993
9590 301 -0.0159035
9591 301 0.566077
9592 301 -0.29471
9593 301 0.273118
9594 301 -0.573937
9595 301 -0.13483
9596 301 -0.291222
9600 301 0.0405464
9601 301 4.62842
9602 301 -0.0231617
9603 301 -0.00136752
9604 301 0.425267
9605 301 -0.00262795
9609 301 0.60164
9610 301 -0.331573
9611 301 0.269599
9612 302 0.287214
9613 302 -0.0118787
9614 302 0.0590478
9615 302 -0.852549
9616 302 0.0909406
9617 302 -1.43247
9618 302 0
9619 302 0
9620 302 0
9621 302 0.290477
9622 302 0.826007
9623 302 -0.441077
9624 302 0.274007
9625 302 0.783075
9626 302 -0.370052
9627 302 0.197127
9628 302 -0.905279
9629 302 -0.566758
9633 302 0.419634
9634 302 -0.0222777
9635 302 -0.0176942
9636 302 -0.245007
9637 302 0.30983
9638 302 0.308457
9639 302 -0.302769
9640 302 -0.309849
9641 302 0.297695
9645 302 0.0241545
9646 302 -0.0231617
9647 302 4.7575
9648 302 0.505404
9649 302 0.0180247
9650 302 -0.647665
9654 302 -0.184693
9655 302 0.230374
9656 302 0.360225
9657 303 -0.92573
9658 303 -0.093231
9659 303 -0.09514
9660 303 -0.0129377
9661 303 0.317448
9662 303 0.220809
9663 303 -0.120848
9664 303 -0.575306
9665 303 0.281861
9666 303 -0.0956706
9667 303 -0.308284
9668 303 0.0148332
9669 303 -0.00559546
9670 303 0.404862
9671 303 0.256233
9672 303 -0.322954
9673 303 0.0766041
9674 303 -0.769325
9675 303 -1.86511
9676 303 0.116426
9677 303 0.113736
9681 303 0.222398
9682 303 -0.00136752
9683 303 0.505404
9684 303 3.35516
9685 303 -0.133415
9686 303 -0.274605
9690 303 -0.132315
9691 303 -0.542323
9692 303 -0.351167
9693 303 0.0125798
9694 303 0.560484
9695 303 -0.225476
9696 304 0.159691
9697 304 0.052583
9698 304 -0.0617667
9699 304 0.352726
9700 304 -1.17443
9701 304 -0.838963
9702 304 -0.392367
9703 304 -0.867625
9704 304 0.606696
9705 304 -0.539565
9706 304 -0.848338
9707 304 0.261062
9708 304 -0.0347633
9709 304 -0.606127
9710 304 -0.576377
9711 304 0.0700618
9712 304 0.0768837
9713 304 0.1427
9714 304 0.119569
9715 304 0.0792394
9716 304 -0.00643057
9720 304 -0.00918835
9721 304 0.425267
9722 304 0.0180247
9723 304 -0.133415
9724 304 3.36116
9725 304 0.135726
9729 304 -0.525594
9730 304 -0.0830038
9731 304 -0.363356
9732 304 0.55171
9733 304 -0.322546
9734 304 0.328507
9735 305 0.408005
9736 305 0.0558471
9737 305 0.01867
9738 305 0.24408
9739 305 -0.889649
9740 305 -0.521773
9741 305 0.0110924
9742 305 0.228107
9743 305 -0.150877
9744 305 0.289463
9745 305 0.651629
9746 305 -0.195052
9747 305 -0.00162613
9748 305 -0.285732
9749 305 -0.24254
9750 305 -0.769531
9751 305 0.151315
9752 305 -1.47004
9753 305 0.127009
9754 305 -0.00919242
9755 305 0.0655709
9759 305 0.494867
9760 305 -0.00262795
9761 305 -0.647665
9762 305 -0.274605
9763 305 0.135726
9764 305 2.86125
9768 305 -0.358759
9769 305 -0.353025
9770 305 0.215194
9771 305 -0.242447
9772 305 0.33716
9773 305 0.310212
10110 315 0
10111 315 0
10112 315 0
10113 315 0
10114 315 0
10115 315 0
10122 315 0
10123 315 0
10124 315 0
10128 315 1
10129 315 0
10130 315 0
10137 316 0
10138 316 0
10139 316 0
10140 316 0
10141 316 0
10142 316 0
10149 316 0
10150 316 0
10151 316 0
10155 316 0
10156 316 1
10157 316 0
10164 317 0
10165 317 0
10166 317 0
10167 317 0
10168 317 0
10169 317 0
10176 317 0
10177 317 0
10178 317 0
10182 317 0
10183 317 0
10184 317 1
10191 318 0
10192 318 0
10193 318 0
10197 318 0
10198 318 0
10199 318 0
10200 318 0
10201 318 0
10202 318 0
10203 318 0
10204 318 0
10205 318 0
10212 318 0
10213 318 0
10214 318 0
10221 318 1
10222 318 0
10223 318 0
10230 318 0
10231 318 0
10232 318 0
10236 319 0
10237 319 0
10238 319 0
10242 319 0
10243 319 0
10244 319 0
10245 319 0
10246 319 0
10247 319 0
10248 319 0
10249 319 0
10250 319 0
10257 319 0
10258 319 0
10259 319 0
10266 319 0
10267 319 1
10268 319 0
10275 319 0
10276 319 0
10277 319 0
10281 320 0
10282 320 0
10283 320 0
10287 320 0
10288 320 0
10289 320 0
10290 320 0
10291 320 0
10292 320 0
10293 320 0
10294 320 0
10295 320 0
10302 320 0
10303 320 0
10304 320 0
10311 320 0
10312 320 0
10313 320 1
10320 320 0
10321 320 0
10322 320 0
10323 321 -1.82531
10324 321 0.108528
10325 321 0.177563
10326 321 -0.129328
10327 321 0.0338113
10328 321 -0.6417
10335 321 -0.0286586
10336 321 0.39925
10337 321 0.267319
10341 321 -0.93004
10342 321 -0.201673
10343 321 0.0328467
10347 321 -0.132315
10348 321 -0.525594
10349 321 -0.358759
10353 321 3.38723
10354 321 -0.384955
10355 321 0.0194144
10356 321 0.0333702
10357 321 -0.134778
10358 321 0.268892
10362 322 0.11713
10363 322 0.0736367
10364 322 -0.0146132
10365 322 -0.14654
10366 322 0.00874606
10367 322 -0.153341
10374 322 0.418992
10375 322 -1.17388
10376 322 -0.858258
10380 322 0.373725
10381 322 0.0364082
10382 322 0.0249216
10386 322 -0.542323
10387 322 -0.0830038
10388 322 -0.353025
10392 322 -0.384955
10393 322 2.97585
10394 322 0.350874
10395 322 0.121049
10396 322 0.224692
10397 322 -0.20171
10401 323 0.110244
10402 323 -0.00546698
10403 323 0.0410816
10404 323 -0.38485
10405 323 0.22579
10406 323 -1.0177
10413 323 0.276626
10414 323 -0.858232
10415 323 -0.503387
10419 323 0.0734789
10420 323 -0.0440029
10421 323 0.0327853
10425 323 -0.351167
10426 323 -0.363356
10427 323 0.215194
10431 323 0.0194144
10432 323 0.350874
10433 323 3.21448
10434 323 0.312997
10435 323 0.228307
10436 323 -0.257307
10449 324 -0.157612
10450 324 -0.580776
10451 324 0.317339
10455 324 -0.120546
10456 324 -0.127737
10457 324 -0.353206
10467 324 0.0333702
10468 324 0.121049
10469 324 0.312997
10470 324 3.22135
10471 324 0.157878
10472 324 0.141296
10476 324 0.0522353
10477 324 0.548655
10478 324 -0.222541
10488 325 -0.576998
10489 325 -1.23543
10490 325 0.725705
10494 325 0.202928
10495 325 0.0380164
10496 325 0.323066
10506 325 -0.134778
10507 325 0.224692
10508 325 0.228307
10509 325 0.157878
10510 325 2.97063
10511 325 -0.442009
10515 325 0.55021
10516 325 -0.362704
10517 325 0.331212
10527 326 0.314436
10528 326 0.708722
10529 326 -0.313498
10533 326 -0.380218
10534 326 -0.159831
10535 326 -0.770889
10545 326 0.268892
10546 326 -0.20171
10547 326 -0.257307
10548 326 0.141296
10549 326 -0.442009
10550 326 3.38558
10554 326 -0.218896
10555 326 0.324954
10556 326 0.314611
10557 327 -1.81689
10558 327 0.0695968
10559 327 0.324468
10560 327 -0.409554
10561 327 0.0408791
10562 327 -0.851429
10563 327 -0.00489305
10564 327 0.36453
10565 327 0.243632
10566 327 -0.0462881
10567 327 -0.426734
10568 327 0.254943
10575 327 -0.3633
10576 327 0.0584252
10577 327 -0.81374
10578 327 -1.78574
10579 327 0.103135
10580 327 0.393096
10581 327 -0.0785204
10582 327 0.596066
10583 327 -0.234006
10590 327 4.70639
10591 327 -0.00350878
10592 327 -0.0339151
10596 327 -0.172728
10597 327 -0.581948
10598 327 -0.286469
10602 328 0.0682238
10603 328 0.0802935
10604 328 -0.0105575
10605 328 0.0417913
10606 328 0.0794694
10607 328 0.0743027
10608 328 0.345056
10609 328 -1.21039
10610 328 -0.876923
10611 328 -0.418539
10612 328 -1.26115
10613 328 0.793518
10620 328 0.0631408
10621 328 0.0647028
10622 328 0.115648
10623 328 0.104173
10624 328 0.0722294
10625 328 -0.0227699
10626 328 0.600125
10627 328 -0.253407
10628 328 0.273038
10635 328 -0.00350878
10636 328 4.7457
10637 328 0.00414087
10641 328 -0.600781
10642 328 -0.129669
10643 328 -0.272138
10647 329 0.312941
10648 329 -0.0106732
10649 329 0.0282942
10650 329 -0.833875
10651 329 0.0707245
10652 329 -1.37839
10653 329 0.230323
10654 329 -0.8658
10655 329 -0.493074
10656 329 0.258603
10657 329 0.822516
10658 329 -0.399075
10665 329 -0.814979
10666 329 0.111034
10667 329 -1.41175
10668 329 0.389635
10669 329 -0.0211907
10670 329 0.0051307
10671 329 -0.234486
10672 329 0.26714
10673 329 0.331564
10680 329 -0.0339151
10681 329 0.00414087
10682 329 4.68146
10686 329 -0.286824
10687 329 -0.269296
10688 329 0.303054
10833 336 -0.0042729
10834 336 -0.172785
10835 336 0.287628
10836 336 0.0484935
10837 336 -0.0179053
10838 336 -0.0280104
10839 336 -0.172728
10840 336 -0.600781
10841 336 -0.286824
10842 336 0.990501
10843 336 0.223183
10844 336 0.108296
10851 337 0.0470506
10852 337 -0.392198
10853 337 0.489398
10854 337 0.394472
10855 337 -0.383316
10856 337 -0.289012
10857 337 -0.581948
10858 337 -0.129669
10859 337 -0.269296
10860 337 0.223183
10861 337 0.952986
10862 337 0.101322
10869 338 0.0187052
10870 338 0.12534
10871 338 -0.174657
10872 338 0.246626
10873 338 -0.218684
10874 338 -0.234209
10875 338 -0.286469
10876 338 -0.272138
10877 338 0.303054
10878 338 0.108296
10879 338 0.101322
10880 338 0.80009
10884 339 -0.0267527
10885 339 -0.201271
10886 339 0.301724
10890 339 -0.586979
10891 339 0.355107
10892 339 0.265822
10893 339 0.974553
10894 339 0.192217
10895 339 0.123372
10896 339 -0.178145
10897 339 -0.561572
10898 339 -0.339601
10902 340 -0.00371571
10903 340 -0.397111
10904 340 0.475375
10908 340 -0.0561733
10909 340 0.0375017
10910 340 0.0576647
10911 340 0.192217
10912 340 0.929993
10913 340 0.103434
10914 340 -0.54749
10915 340 -0.0720267
10916 340 -0.318831
10920 341 0.0284023
10921 341 0.113026
10922 341 -0.145194
10926 341 -0.010061
10927 341 0.0350591
10928 341 -0.0204852
10929 341 0.123372
10930 341 0.103434
10931 341 0.839031
10932 341 -0.340416
10933 341 -0.323258
10934 341 0.249707
10935 342 0.0328983
10936 342 -0.00710446
10937 342 -0.0070251
10941 342 -0.0565339
10942 342 0.219319
10943 342 -0.326016
10947 342 0.968559
10948 342 0.184254
10949 342 0.114279
10950 342 -0.180582
10951 342 -0.551668
10952 342 -0.349862
10953 343 0.404588
10954 343 -0.392335
10955 343 -0.241277
10959 343 0.021158
10960 343 0.0317898
10961 343 -0.065576
10965 343 0.184254
10966 343 0.934321
10967 343 0.0961902
10968 343 -0.550829
10969 343 -0.061791
10970 343 -0.324152
10971 344 0.267013
10972 344 -0.230335
10973 344 -0.209611
10977 344 -0.0518929
10978 344 0.296158
10979 344 -0.545828
10983 344 0.114279
10984 344 0.0961902
10985 344 0.840697
10986 344 -0.346307
10987 344 -0.318239
10988 344 0.242214
10992 345 -0.291186
10993 345 -0.166139
10994 345 -0.507202
10995 345 0
10996 345 0
10997 345 0
10998 345 -0.0793694
10999 345 -0.464632
11000 345 0.29489
11007 345 -0.0291825
11008 345 0.60164
11009 345 -0.184693
11010 345 1.98729
11011 345 -0.00100471
11012 345 -0.211786
11016 345 0
11017 345 0
11018 345 0
11022 346 0.0589735
11023 346 0.0466444
11024 346 0.20708
11025 346 0
11026 346 0
11027 346 0
11028 346 -0.454013
11029 346 -1.19119
11030 346 0.845488
11037 346 0.591777
11038 346 -0.331573
11039 346 0.230374
11040 346 -0.00100471
11041 346 2.23697
11042 346 -0.170449
11046 346 0
11047 346 0
11048 346 0
11052 347 -0.766568
11053 347 -0.154807
11054 347 -0.89923
11055 347 0
11056 347 0
11057 347 0
11058 347 0.274508
11059 347 0.793183
11060 347 -0.439049
11067 347 -0.196279
11068 347 0.269599
11069 347 0.360225
11070 347 -0.211786
11071 347 -0.170449
11072 347 1.93631
11076 347 0
11077 347 0
11078 347 0
11079 348 -1.84993
11080 348 0.0978621
11081 348 0.252163
11082 348 -0.229688
11083 348 0.07748
11084 348 -0.733252
11085 348 -0.0258493
11086 348 0.37187
11087 348 0.232463
11088 348 -0.18066
11089 348 -0.597094
11090 348 0.313837
11094 348 0.00790663
11095 348 0.334587
11096 348 0.226926
11100 348 -1.85782
11101 348 0.174964
11102 348 0.167618
11103 348 0.0125798
11104 348 0.55171
11105 348 -0.242447
11106 348 -0.178145
11107 348 -0.54749
11108 348 -0.340416
11112 348 4.72152
11113 348 0.00395467
11114 348 0.0051231
11115 348 0.0981886
11116 348 -0.0026034
11117 348 0.576654
11118 348 -0.133235
11119 348 -0.552494
11120 348 -0.35317
11124 349 0.123504
11125 349 0.0791583
11126 349 -0.00972243
11127 349 0.070958
11128 349 0.056856
11129 349 0.156523
11130 349 0.385483
11131 349 -1.19752
11132 349 -0.846207
11133 349 -0.619507
11134 349 -1.22852
11135 349 0.693564
11139 349 0.330147
11140 349 -1.19312
11141 349 -0.883804
11145 349 0.170744
11146 349 0.0745696
11147 349 -0.0124533
11148 349 0.560484
11149 349 -0.322546
11150 349 0.33716
11151 349 -0.561572
11152 349 -0.0720267
11153 349 -0.323258
11157 349 0.00395467
11158 349 4.7107
11159 349 0.00473821
11160 349 -0.00216587
11161 349 0.438012
11162 349 0.00566533
11163 349 -0.531281
11164 349 -0.0909497
11165 349 -0.357318
11169 350 0.203095
11170 350 -0.00913021
11171 350 0.0432557
11172 350 -0.731425
11173 350 0.171766
11174 350 -1.53495
11175 350 0.264815
11176 350 -0.866555
11177 350 -0.487819
11178 350 0.331362
11179 350 0.712465
11180 350 -0.29984
11184 350 0.220547
11185 350 -0.878519
11186 350 -0.522207
11190 350 0.184752
11191 350 -0.0158628
11192 350 0.0621157
11193 350 -0.225476
11194 350 0.328507
11195 350 0.310212
11196 350 -0.339601
11197 350 -0.318831
11198 350 0.249707
11202 350 0.0051231
11203 350 0.00473821
11204 350 4.70134
11205 350 0.573265
11206 350 0.00411025
11207 350 -0.537467
11208 350 -0.34425
11209 350 -0.340308
11210 350 0.223894
11214 351 -1.83984
11215 351 0.201311
11216 351 0.180041
11220 351 0.0133817
11221 351 0.32299
11222 351 0.215313
11226 351 -0.187784
11227 351 -0.601499
11228 351 0.327583
11229 351 0.0126022
11230 351 0.307515
11231 351 0.20885
11232 351 -0.238835
11233 351 0.0837364
11234 351 -0.731973
11235 351 -1.84007
11236 351 0.208815
11237 351 0.185081
11241 351 -0.180582
11242 351 -0.550829
11243 351 -0.346307
11244 351 0.0981886
11245 351 -0.00216587
11246 351 0.573265
11247 351 4.70095
11248 351 -0.00475792
11249 351 0.0215671
11253 351 -0.185468
11254 351 -0.548975
11255 351 -0.360061
11256 351 0.0664964
11257 351 0.549858
11258 351 -0.208249
11259 352 0.19632
11260 352 0.0672441
11261 352 -0.0188706
11265 352 0.321468
11266 352 -1.21343
11267 352 -0.872636
11271 352 -0.593475
11272 352 -1.2107
11273 352 0.716907
11274 352 0.316733
11275 352 -1.20003
11276 352 -0.882211
11277 352 0.0869595
11278 352 0.0657154
11279 352 0.190091
11280 352 0.214244
11281 352 0.0655446
11282 352 -0.0211791
11286 352 -0.551668
11287 352 -0.061791
11288 352 -0.318239
11289 352 -0.0026034
11290 352 0.438012
11291 352 0.00411025
11292 352 -0.00475792
11293 352 4.69836
11294 352 -0.00666722
11298 352 -0.543804
11299 352 -0.0470082
11300 352 -0.324164
11301 352 0.550456
11302 352 -0.385371
11303 352 0.318157
11304 353 0.165496
11305 353 -0.0151971
11306 353 0.0663672
11310 353 0.2178
11311 353 -0.87638
11312 353 -0.506784
11316 353 0.328146
11317 353 0.711314
11318 353 -0.310254
11319 353 0.213625
11320 353 -0.87978
11321 353 -0.520551
11322 353 -0.730551
11323 353 0.183035
11324 353 -1.53308
11325 353 0.19379
11326 353 -0.0199988
11327 353 0.0663975
11331 353 -0.349862
11332 353 -0.324152
11333 353 0.242214
11334 353 0.576654
11335 353 0.00566533
11336 353 -0.537467
11337 353 0.0215671
11338 353 -0.00666722
11339 353 4.73424
11343 353 -0.357417
11344 353 -0.317992
11345 353 0.232304
11346 353 -0.212559
11347 353 0.31873
11348 353 0.318946
11439 357 0
11440 357 0
11441 357 0
11442 357 0
11443 357 0
11444 357 0
11451 357 0
11452 357 0
11453 357 0
11454 357 0
11455 357 0
11456 357 0
11457 357 0
11458 357 0
11459 357 0
11460 357 0
11461 357 0
11462 357 0
11463 357 1
11464 357 0
11465 357 0
11466 357 0
11467 357 0
11468 357 0
11469 358 0
11470 358 0
11471 358 0
11472 358 0
11473 358 0
11474 358 0
11481 358 0
11482 358 0
11483 358 0
11484 358 0
11485 358 0
11486 358 0
11487 358 0
11488 358 0
11489 358 0
11490 358 0
11491 358 0
11492 358 0
11493 358 0
11494 358 1
11495 358 0
11496 358 0
11497 358 0
11498 358 0
11499 359 0
11500 359 0
11501 359 0
11502 359 0
11503 359 0
11504 359 0
11511 359 0
11512 359 0
11513 359 0
11514 359 0
11515 359 0
11516 359 0
11517 359 0
11518 359 0
11519 359 0
11520 359 0
11521 359 0
11522 359 0
11523 359 0
11524 359 0
11525 359 1
11526 359 0
11527 359 0
11528 359 0
11532 360 -0.166056
11533 360 0.0792231
11534 360 -0.680389
11538 360 -0.213347
11539 360 -0.616913
11540 360 0.318514
11541 360 -0.150384
11542 360 -0.609058
11543 360 0.319594
11544 360 -0.0191917
11545 360 0.386879
11546 360 0.255753
11547 360 -0.10989
11548 360 0.0279982
11549 360 -0.597389
11550 360 -1.87196
11551 360 0.159086
11552 360 0.0380582
11556 360 -0.133235
11557 360 -0.531281
11558 360 -0.34425
11559 360 0
11560 360 0
11561 360 0
11562 360 4.66505
11563 360 0.00990096
11564 360 -0.0173864
11565 360 0.0465167
11566 360 -0.00365707
11567 360 0.603061
11568 360 -0.0524841
11569 360 -0.519392
11570 360 -0.368758
11577 361 0.0690791
11578 361 0.0654255
11579 361 0.159985
11583 361 -0.667829
11584 361 -1.21492
11585 361 0.691613
11586 361 -0.552101
11587 361 -1.24225
11588 361 0.734773
11589 361 0.36945
11590 361 -1.20096
11591 361 -0.868345
11592 361 0.0320811
11593 361 0.085884
11594 361 0.106959
11595 361 0.142377
11596 361 0.0787885
11597 361 -0.00120543
11601 361 -0.552494
11602 361 -0.0909497
11603 361 -0.340308
11604 361 0
11605 361 0
11606 361 0
11607 361 0.00990096
11608 361 4.71259
11609 361 -0.0094288
11610 361 0.00281868
11611 361 0.43862
11612 361 0.00742547
11613 361 -0.510243
11614 361 -0.122358
11615 361 -0.401968
11622 362 -0.686707
11623 362 0.191949
11624 362 -1.60533
11628 362 0.344051
11629 362 0.682907
11630 362 -0.28018
11631 362 0.298747
11632 362 0.73816
11633 362 -0.315552
11634 362 0.239215
11635 362 -0.848036
11636 362 -0.48931
11637 362 -0.604517
11638 362 0.0919164
11639 362 -1.68317
11640 362 0.0353981
11641 362 -0.00156811
11642 362 0.0869915
11646 362 -0.35317
11647 362 -0.357318
11648 362 0.223894
11649 362 0
11650 362 0
11651 362 0
11652 362 -0.0173864
11653 362 -0.0094288
11654 362 4.75591
11655 362 0.596775
11656 362 -0.00428343
11657 362 -0.486963
11658 362 -0.352686
11659 362 -0.388631
11660 362 0.173757
11664 363 -1.83588
11665 363 0.201171
11666 363 0.151049
11670 363 0.00386111
11671 363 0.355871
11672 363 0.23378
11676 363 -0.227757
11677 363 -0.647446
11678 363 0.34228
11688 363 0.0522353
11689 363 0.55021
11690 363 -0.218896
11691 363 -0.185468
11692 363 -0.543804
11693 363 -0.357417
11694 363 0.0465167
11695 363 0.00281868
11696 363 0.596775
11697 363 4.69178
11698 363 -0.0148499
11699 363 -0.000648873
11709 364 0.196094
11710 364 0.0608145
11711 364 -0.0140312
11715 364 0.336306
11716 364 -1.22088
11717 364 -0.869323
11721 364 -0.615357
11722 364 -1.19205
11723 364 0.692031
11733 364 0.548655
11734 364 -0.362704
11735 364 0.324954
11736 364 -0.548975
11737 364 -0.0470082
11738 364 -0.317992
11739 364 -0.00365707
11740 364 0.43862
11741 364 -0.00428343
11742 364 -0.0148499
11743 364 4.70403
11744 364 0.0237366
11754 365 0.138124
11755 365 -0.0147313
11756 365 0.0674723
11760 365 0.224654
11761 365 -0.88183
11762 365 -0.490583
11766 365 0.33344
11767 365 0.696031
11768 365 -0.290653
11778 365 -0.222541
11779 365 0.331212
11780 365 0.314611
11781 365 -0.360061
11782 365 -0.324164
11783 365 0.232304
11784 365 0.603061
11785 365 0.00742547
11786 365 -0.486963
11787 365 -0.000648873
11788 365 0.0237366
11789 365 4.73774
11895 369 -0.0554764
11896 369 -0.188997
11897 369 0.297577
11898 369 -0.0168879
11899 369 0.0331594
11900 369 0.0227793
11901 369 -0.0524841
11902 369 -0.510243
11903 369 -0.352686
11904 369 0.89777
11905 369 0.180721
11906 369 0.130087
11913 370 -0.0360102
11914 370 -0.392484
11915 370 0.497553
11916 370 0.442343
11917 370 -0.378877
11918 370 -0.20181
11919 370 -0.519392
11920 370 -0.122358
11921 370 -0.388631
11922 370 0.180721
11923 370 0.955976
11924 370 0.117844
11931 371 0.0356338
11932 371 0.0985542
11933 371 -0.121469
11934 371 0.289632
11935 371 -0.220362
11936 371 -0.175067
11937 371 -0.368758
11938 371 -0.401968
11939 371 0.173757
11940 371 0.130087
11941 371 0.117844
11942 371 0.889831
12078 378 -0.923334
12079 378 -0.187301
12080 378 0.0831944
12081 378 -0.0946428
12082 378 -0.14635
12083 378 -0.319606
12084 378 0.00644902
12085 378 0.334644
12086 378 0.22292
12087 378 -0.0952913
12088 378 -0.0953991
12089 378 0.0739801
12093 378 0.0664964
12094 378 0.550456
12095 378 -0.212559
12099 378 1.31377
12100 378 -0.273983
12101 378 0.0343754
12105 379 0.389475
12106 379 0.0345547
12107 379 0.011055
12108 379 0.0206036
12109 379 0.0858495
12110 379 0.218364
12111 379 0.3335
12112 379 -1.20567
12113 379 -0.872886
12114 379 -0.524491
12115 379 -0.604699
12116 379 0.536821
12120 379 0.549858
12121 379 -0.385371
12122 379 0.31873
12126 379 -0.273983
12127 379 1.95122
12128 379 0.364549
12132 380 0.111066
12133 380 -0.0351257
12134 380 0.0360036
12135 380 -0.105532
12136 380 -0.196542
12137 380 -0.561323
12138 380 0.227608
12139 380 -0.887949
12140 380 -0.507943
12141 380 0.254492
12142 380 0.17167
12143 380 -0.152125
12147 380 -0.208249
12148 380 0.318157
12149 380 0.318946
12153 380 0.0343754
12154 380 0.364549
12155 380 1.75659
12162 381 -0.199923
12163 381 0.0698907
12164 381 -0.685503
12171 381 -0.0181439
12172 381 -0.0475467
12173 381 0.00987443
12180 381 1.40772
12181 381 -0.175345
12182 381 0.357421
12183 381 0.0363805
12184 381 0.0166898
12185 381 0.0485332
12189 382 0.0609684
12190 382 0.0722564
12191 382 0.14051
12198 382 0.106112
12199 382 -0.34474
12200 382 -0.134608
12207 382 -0.175345
12208 382 1.50042
12209 382 -0.00641427
12210 382 -0.0101022
12211 382 0.219516
12212 382 0.0206271
12216 383 -0.694801
12217 383 0.167672
12218 383 -1.58268
12225 383 0.22422
12226 383 -0.551372
12227 383 -0.208811
12234 383 0.357421
12235 383 -0.00641427
12236 383 2.11343
12237 383 0.539636
12238 383 -0.0315519
12239 383 -0.255227
12240 384 -1.85867
12241 384 0.20705
12242 384 0.130542
12252 384 -0.0823303
12253 384 -0.518301
12254 384 0.262436
12261 384 0.0363805
12262 384 -0.0101022
12263 384 0.539636
12264 384 2.24279
12265 384 -0.0911332
12266 384 -0.0775888
12267 385 0.22129
12268 385 0.0666415
12269 385 -0.0163172
12279 385 -0.0745958
12280 385 -0.335923
12281 385 0.151861
12288 385 0.0166898
12289 385 0.219516
12290 385 -0.0315519
12291 385 -0.0911332
12292 385 1.52833
12293 385 -0.182836
12294 386 0.114255
12295 386 -0.0122194
12296 386 0.0844617
12306 386 0.0415945
12307 386 0.205084
12308 386 -0.149376
12315 386 0.0485332
12316 386 0.0206271
12317 386 -0.255227
12318 386 -0.0775888
12319 386 -0.182836
12320 386 1.25045
